instance	Gamma	objval	objbound	gap	n_iterations	avg_iteration	runtime
j102_2	3	26.000	26.000	0.000	14	4.107	57.769
j102_4	3	27.000	27.000	0.000	185	31.004	5735.881
j102_5	3	22.000	18.000	0.182	157	45.473	7200.000
j102_6	3	25.000	25.000	0.000	70	19.926	1394.965
j102_7	3	42.000	38.000	0.095	163	43.872	7200.000
j102_9	3	27.000	27.000	0.000	133	30.978	4120.174
j102_10	3	37.000	33.000	0.108	344	20.851	7200.000
j103_2	3	20.000	20.000	0.000	106	5.430	575.867
j103_3	3	28.000	24.000	0.143	264	27.029	7200.000
j103_4	3	34.000	34.000	0.000	93	11.022	1025.249
j103_5	3	30.000	30.000	0.000	141	16.078	2267.194
j103_6	3	42.000	35.000	0.167	99	71.918	7200.000
j103_7	3	20.000	20.000	0.000	122	2.437	297.514
j103_8	3	36.000	29.000	0.194	145	48.769	7200.000
j103_9	3	30.000	30.000	0.000	94	5.652	531.524
j103_10	3	25.000	25.000	0.000	94	3.897	366.464
j104_1	3	38.000	36.000	0.053	229	31.124	7200.000
j104_2	3	30.000	28.000	0.067	185	38.643	7200.000
j104_3	3	35.000	35.000	0.000	200	7.978	1595.816
j104_4	3	21.000	19.000	0.095	261	27.374	7200.000
j104_5	3	43.000	37.000	0.140	483	14.845	7200.000
j104_6	3	33.000	33.000	0.000	169	3.721	629.095
j104_8	3	28.000	27.000	0.036	123	57.928	7200.000
j104_9	3	31.000	31.000	0.000	87	10.800	939.758
j104_10	3	24.000	24.000	0.000	46	5.889	271.040
j105_1	3	48.000	41.000	0.146	714	10.057	7200.000
j105_3	3	20.000	20.000	0.000	61	0.495	30.340
j105_4	3	21.000	20.000	0.048	354	20.183	7200.000
j105_6	3	27.000	27.000	0.000	62	1.037	64.568
j105_8	3	32.000	27.000	0.156	207	34.478	7200.000
j105_10	3	25.000	25.000	0.000	138	32.840	4532.174
j106_1	3	27.000	27.000	0.000	241	6.683	1610.876
j106_3	3	36.000	36.000	0.000	184	34.837	6410.243
j106_4	3	27.000	25.000	0.074	450	15.822	7200.000
j106_5	3	49.000	43.000	0.122	354	20.257	7200.000
j106_7	3	30.000	26.000	0.133	154	46.100	7200.000
j106_8	3	28.000	28.000	0.000	225	22.948	5163.559
j107_1	3	20.000	20.000	0.000	108	6.354	686.445
j107_2	3	35.000	35.000	0.000	55	7.056	388.246
j107_3	3	32.000	32.000	0.000	74	9.195	680.657
j107_4	3	23.000	23.000	0.000	63	2.683	169.174
j107_5	3	37.000	37.000	0.000	31	4.373	135.750
j107_6	3	53.000	39.000	0.264	302	23.702	7200.000
j107_8	3	45.000	45.000	0.000	105	20.338	2135.665
j107_9	3	44.000	44.000	0.000	15	16.055	240.972
j108_3	3	27.000	27.000	0.000	145	6.394	927.237
j108_5	3	38.000	38.000	0.000	34	4.680	159.304
j108_6	3	33.000	33.000	0.000	103	10.098	1040.282
j108_7	3	30.000	28.000	0.067	171	41.641	7200.000
j108_8	3	20.000	20.000	0.000	33	3.676	121.552
j108_10	3	33.000	33.000	0.000	134	15.090	2022.195
j1010_1	3	26.000	26.000	0.000	51	0.846	43.343
j1010_2	3	34.000	34.000	0.000	143	0.782	111.947
j1010_3	3	30.000	30.000	0.000	196	0.738	144.919
j1010_4	3	23.000	23.000	0.000	22	1.761	38.931
j1010_5	3	31.000	31.000	0.000	76	1.393	106.067
j1010_6	3	20.000	20.000	0.000	69	5.120	353.526
j1010_7	3	20.000	20.000	0.000	11	0.510	5.801
j1010_8	3	18.000	18.000	0.000	61	4.285	261.539
j1010_9	3	15.000	15.000	0.000	58	1.572	91.339
j1010_10	3	19.000	19.000	0.000	34	3.976	135.353
j1011_1	3	30.000	30.000	0.000	184	0.727	133.916
j1011_2	3	16.000	16.000	0.000	26	0.538	14.156
j1011_3	3	19.000	19.000	0.000	19	0.424	8.368
j1011_4	3	36.000	36.000	0.000	217	2.506	543.959
j1011_5	3	23.000	23.000	0.000	83	1.129	93.880
j1011_6	3	23.000	23.000	0.000	75	1.033	77.672
j1011_7	3	17.000	17.000	0.000	42	0.768	32.397
j1011_8	3	23.000	23.000	0.000	48	1.661	79.860
j1011_9	3	24.000	24.000	0.000	85	0.786	66.945
j1011_10	3	30.000	30.000	0.000	74	0.794	59.041
j1012_1	3	23.000	23.000	0.000	39	0.552	21.702
j1012_2	3	24.000	24.000	0.000	13	0.517	6.865
j1012_3	3	24.000	24.000	0.000	96	2.930	281.392
j1012_4	3	27.000	27.000	0.000	51	0.651	33.339
j1012_5	3	21.000	21.000	0.000	34	2.453	83.563
j1012_6	3	33.000	33.000	0.000	471	10.187	4798.393
j1012_7	3	19.000	19.000	0.000	24	0.602	14.702
j1012_8	3	28.000	28.000	0.000	55	0.371	20.600
j1012_9	3	32.000	32.000	0.000	90	0.828	74.742
j1012_10	3	14.000	14.000	0.000	3	0.305	1.099
j1013_1	3	24.000	24.000	0.000	60	0.702	42.253
j1013_2	3	28.000	28.000	0.000	29	1.896	55.175
j1013_3	3	27.000	27.000	0.000	53	0.599	31.932
j1013_4	3	29.000	29.000	0.000	76	0.658	50.242
j1013_5	3	16.000	16.000	0.000	58	1.591	92.511
j1013_6	3	26.000	26.000	0.000	93	7.594	706.447
j1013_7	3	19.000	19.000	0.000	29	0.530	15.535
j1013_8	3	15.000	15.000	0.000	5	0.285	1.599
j1013_9	3	23.000	23.000	0.000	64	0.599	38.540
j1013_10	3	19.000	19.000	0.000	18	0.944	17.171
j1014_1	3	21.000	21.000	0.000	14	0.427	6.247
j1014_2	3	22.000	22.000	0.000	26	0.517	13.625
j1014_3	3	28.000	28.000	0.000	120	5.227	627.477
j1014_4	3	26.000	26.000	0.000	117	2.382	278.842
j1014_5	3	30.000	30.000	0.000	78	0.537	42.079
j1014_6	3	22.000	22.000	0.000	205	6.184	1267.839
j1014_7	3	23.000	23.000	0.000	52	0.725	37.868
j1014_8	3	29.000	29.000	0.000	124	1.114	138.475
j1014_9	3	31.000	31.000	0.000	193	4.132	797.673
j1014_10	3	14.000	14.000	0.000	12	0.440	5.453
j1015_1	3	20.000	20.000	0.000	17	0.596	10.275
j1015_2	3	36.000	36.000	0.000	465	2.618	1217.724
j1015_3	3	23.000	23.000	0.000	198	2.946	583.424
j1015_4	3	16.000	16.000	0.000	16	0.473	7.725
j1015_5	3	10.000	10.000	0.000	10	0.341	3.664
j1015_6	3	28.000	28.000	0.000	137	29.353	4021.566
j1015_7	3	13.000	13.000	0.000	9	0.778	7.152
j1015_8	3	16.000	16.000	0.000	13	0.490	6.554
j1015_9	3	21.000	21.000	0.000	90	3.232	290.989
j1015_10	3	27.000	27.000	0.000	156	1.188	185.442
j1016_1	3	21.000	21.000	0.000	12	0.463	5.700
j1016_2	3	25.000	25.000	0.000	25	0.644	16.354
j1016_3	3	18.000	18.000	0.000	69	0.698	48.340
j1016_4	3	29.000	29.000	0.000	133	1.116	148.645
j1016_5	3	38.000	38.000	0.000	102	0.911	93.097
j1016_6	3	33.000	33.000	0.000	69	9.251	638.482
j1016_7	3	19.000	19.000	0.000	23	0.682	15.842
j1016_8	3	13.000	13.000	0.000	55	2.192	120.721
j1016_9	3	25.000	25.000	0.000	61	0.851	52.149
j1016_10	3	40.000	40.000	0.000	106	0.661	70.214
j1018_1	3	21.000	21.000	0.000	89	1.321	117.682
j1018_2	3	22.000	22.000	0.000	99	2.289	226.785
j1018_3	3	23.000	23.000	0.000	15	0.638	9.753
j1018_4	3	26.000	26.000	0.000	33	0.885	29.375
j1018_5	3	19.000	19.000	0.000	50	0.539	27.132
j1018_6	3	23.000	23.000	0.000	45	0.512	23.288
j1018_7	3	18.000	18.000	0.000	11	0.433	4.911
j1018_8	3	25.000	25.000	0.000	34	0.509	17.460
j1018_9	3	19.000	19.000	0.000	40	0.514	20.713
j1018_10	3	23.000	23.000	0.000	14	0.511	7.315
j1019_1	3	21.000	21.000	0.000	15	0.499	7.639
j1019_2	3	23.000	23.000	0.000	42	0.578	24.446
j1019_3	3	25.000	25.000	0.000	44	1.155	51.064
j1019_4	3	24.000	24.000	0.000	49	2.712	133.050
j1019_5	3	20.000	20.000	0.000	16	0.402	6.592
j1019_6	3	25.000	25.000	0.000	65	0.661	43.120
j1019_7	3	22.000	22.000	0.000	26	0.434	11.426
j1019_8	3	21.000	21.000	0.000	42	0.723	30.523
j1019_9	3	18.000	18.000	0.000	172	4.044	695.777
j1019_10	3	16.000	16.000	0.000	10	0.301	3.159
j1020_1	3	18.000	18.000	0.000	11	0.366	4.181
j1020_2	3	27.000	27.000	0.000	116	8.700	1009.376
j1020_3	3	33.000	33.000	0.000	91	0.626	57.111
j1020_4	3	26.000	26.000	0.000	58	0.443	25.847
j1020_5	3	18.000	18.000	0.000	46	0.571	26.447
j1020_6	3	29.000	29.000	0.000	115	0.622	71.642
j1020_8	3	18.000	18.000	0.000	30	0.602	18.224
j1020_9	3	13.000	13.000	0.000	14	0.460	6.624
j1020_10	3	16.000	16.000	0.000	4	0.453	1.979
j1021_1	3	27.000	27.000	0.000	46	0.527	24.408
j1021_2	3	19.000	19.000	0.000	23	0.502	11.715
j1021_3	3	38.000	38.000	0.000	273	0.947	258.814
j1021_4	3	18.000	18.000	0.000	31	0.545	17.068
j1021_5	3	33.000	33.000	0.000	157	1.039	163.316
j1021_6	3	19.000	19.000	0.000	54	0.635	34.467
j1021_7	3	17.000	17.000	0.000	26	0.584	15.355
j1021_8	3	18.000	18.000	0.000	45	1.214	54.792
j1021_9	3	18.000	18.000	0.000	109	3.866	421.517
j1021_10	3	25.000	25.000	0.000	57	1.156	66.096
j1022_1	3	25.000	25.000	0.000	56	1.889	105.954
j1022_2	3	16.000	16.000	0.000	8	0.403	3.379
j1022_3	3	31.000	31.000	0.000	65	0.521	34.016
j1022_4	3	21.000	21.000	0.000	20	0.531	10.798
j1022_5	3	19.000	19.000	0.000	35	0.433	15.338
j1022_6	3	24.000	24.000	0.000	33	0.480	16.025
j1022_7	3	12.000	12.000	0.000	3	0.310	1.114
j1022_8	3	26.000	26.000	0.000	76	0.650	49.536
j1022_9	3	29.000	29.000	0.000	30	0.465	14.114
j1022_10	3	26.000	26.000	0.000	29	0.364	10.724
j1023_1	3	21.000	21.000	0.000	18	0.527	9.652
j1023_2	3	22.000	22.000	0.000	41	0.505	20.886
j1023_3	3	24.000	24.000	0.000	60	0.625	37.698
j1023_4	3	24.000	24.000	0.000	36	0.671	24.346
j1023_5	3	23.000	23.000	0.000	21	0.564	12.032
j1023_6	3	28.000	28.000	0.000	64	0.674	43.314
j1023_8	3	27.000	27.000	0.000	50	0.679	34.119
j1023_9	3	17.000	17.000	0.000	31	0.598	18.741
j1023_10	3	24.000	24.000	0.000	10	0.164	1.819
j1024_1	3	11.000	11.000	0.000	11	0.257	2.991
j1024_2	3	22.000	22.000	0.000	47	0.406	19.242
j1024_3	3	15.000	15.000	0.000	9	0.440	4.137
j1024_4	3	22.000	22.000	0.000	79	0.672	53.235
j1024_5	3	22.000	22.000	0.000	40	0.499	20.116
j1024_6	3	26.000	26.000	0.000	26	0.550	14.445
j1024_7	3	26.000	26.000	0.000	61	0.513	31.465
j1024_8	3	37.000	37.000	0.000	119	0.700	83.396
j1024_9	3	16.000	16.000	0.000	61	0.623	38.136
j1024_10	3	24.000	24.000	0.000	31	0.479	14.996
j1026_1	3	22.000	22.000	0.000	28	0.427	12.141
j1026_2	3	16.000	16.000	0.000	11	0.336	3.883
j1026_3	3	26.000	26.000	0.000	30	0.400	12.164
j1026_4	3	22.000	22.000	0.000	13	0.426	5.708
j1026_5	3	25.000	25.000	0.000	60	0.549	33.127
j1026_6	3	26.000	26.000	0.000	72	0.480	34.766
j1026_7	3	22.000	22.000	0.000	24	0.474	11.556
j1026_8	3	24.000	24.000	0.000	32	0.407	13.170
j1026_9	3	18.000	18.000	0.000	4	0.172	0.854
j1026_10	3	24.000	24.000	0.000	25	0.459	11.626
j1027_1	3	24.000	24.000	0.000	36	0.488	17.738
j1027_2	3	18.000	18.000	0.000	27	0.459	12.567
j1027_3	3	23.000	23.000	0.000	44	0.429	19.053
j1027_4	3	22.000	22.000	0.000	45	0.610	27.609
j1027_5	3	25.000	25.000	0.000	29	0.468	13.721
j1027_6	3	22.000	22.000	0.000	23	0.401	9.378
j1027_7	3	15.000	15.000	0.000	29	0.421	12.349
j1027_8	3	19.000	19.000	0.000	27	0.398	10.898
j1027_9	3	23.000	23.000	0.000	19	0.491	9.485
j1027_10	3	22.000	22.000	0.000	19	0.338	6.567
j1028_1	3	30.000	30.000	0.000	86	0.522	45.084
j1028_2	3	37.000	37.000	0.000	87	0.451	39.414
j1028_3	3	31.000	31.000	0.000	91	0.527	48.157
j1028_4	3	25.000	25.000	0.000	51	0.531	27.264
j1028_5	3	27.000	27.000	0.000	87	0.623	54.399
j1028_6	3	13.000	13.000	0.000	4	0.195	0.954
j1028_7	3	24.000	24.000	0.000	29	0.422	12.404
j1028_8	3	24.000	24.000	0.000	52	0.500	26.185
j1028_9	3	18.000	18.000	0.000	39	0.473	18.656
j1028_10	3	28.000	28.000	0.000	66	0.554	36.750
j1029_1	3	23.000	23.000	0.000	27	0.443	12.110
j1029_2	3	20.000	20.000	0.000	29	0.473	13.905
j1029_3	3	24.000	24.000	0.000	54	0.458	24.915
j1029_4	3	26.000	26.000	0.000	45	0.535	24.275
j1029_5	3	27.000	27.000	0.000	31	0.487	15.269
j1029_6	3	26.000	26.000	0.000	28	0.416	11.792
j1029_7	3	23.000	23.000	0.000	19	0.473	9.173
j1029_8	3	15.000	15.000	0.000	8	0.275	2.378
j1029_9	3	22.000	22.000	0.000	20	0.460	9.385
j1029_10	3	25.000	25.000	0.000	38	0.532	20.402
j1030_1	3	23.000	23.000	0.000	34	0.538	18.472
j1030_2	3	16.000	16.000	0.000	15	0.352	5.448
j1030_3	3	27.000	27.000	0.000	72	0.542	39.168
j1030_4	3	18.000	18.000	0.000	14	0.438	6.282
j1030_5	3	36.000	36.000	0.000	143	0.633	90.725
j1030_6	3	33.000	33.000	0.000	65	0.529	34.510
j1030_7	3	20.000	20.000	0.000	26	0.484	12.735
j1030_8	3	20.000	20.000	0.000	22	0.385	8.631
j1030_9	3	21.000	21.000	0.000	100	0.566	56.717
j1030_10	3	27.000	27.000	0.000	28	0.412	11.689
j1031_1	3	26.000	26.000	0.000	25	0.484	12.264
j1031_2	3	23.000	23.000	0.000	62	0.427	26.603
j1031_3	3	24.000	24.000	0.000	21	0.355	7.602
j1031_4	3	27.000	27.000	0.000	65	0.466	30.460
j1031_5	3	21.000	21.000	0.000	8	0.441	3.672
j1031_6	3	32.000	32.000	0.000	28	0.486	13.773
j1031_7	3	21.000	21.000	0.000	24	0.462	11.227
j1031_8	3	25.000	25.000	0.000	32	0.436	14.135
j1031_9	3	22.000	22.000	0.000	17	0.350	6.121
j1031_10	3	18.000	18.000	0.000	12	0.419	5.199
j1032_1	3	26.000	26.000	0.000	82	0.494	40.703
j1032_2	3	18.000	18.000	0.000	121	0.683	82.848
j1032_3	3	30.000	30.000	0.000	45	0.595	26.944
j1032_4	3	19.000	19.000	0.000	29	0.416	12.222
j1032_5	3	17.000	17.000	0.000	16	0.343	5.643
j1032_6	3	27.000	27.000	0.000	55	0.626	34.605
j1032_7	3	26.000	26.000	0.000	24	0.390	9.525
j1032_8	3	19.000	19.000	0.000	32	0.437	14.127
j1032_9	3	23.000	23.000	0.000	22	0.548	12.214
j1032_10	3	20.000	20.000	0.000	23	0.393	9.197
j1034_1	3	32.000	23.000	0.281	30	224.169	7200.000
j1034_2	3	18.000	14.000	0.222	62	113.439	7200.000
j1034_3	3	32.000	23.000	0.281	10	626.623	7200.000
j1034_4	3	27.000	21.000	0.222	4	1214.963	7200.000
j1034_5	3	30.000	22.000	0.267	60	115.465	7200.000
j1034_6	3	42.000	30.000	0.286	12	515.496	7200.000
j1034_7	3	36.000	26.000	0.278	26	265.892	7200.000
j1034_8	3	25.000	19.000	0.240	11	577.179	7200.000
j1034_9	3	38.000	27.000	0.289	11	591.292	7200.000
j1034_10	3	18.000	14.000	0.222	50	139.371	7200.000
j1035_1	3	41.000	28.000	0.317	4	1051.505	7200.000
j1035_2	3	46.000	32.000	0.304	8	793.573	7200.000
j1035_3	3	inf	-inf	nan	0	inf	7200.000
j1035_4	3	33.000	24.000	0.273	10	619.397	7200.000
j1035_5	3	31.000	24.000	0.226	49	142.098	7200.000
j1035_6	3	27.000	20.000	0.259	39	176.710	7200.000
j1035_7	3	31.000	22.000	0.290	20	324.977	7200.000
j1035_8	3	40.000	28.000	0.300	6	574.876	7200.000
j1035_9	3	25.000	19.000	0.240	246	28.936	7200.000
j1035_10	3	28.000	21.000	0.250	41	169.579	7200.000
j1036_1	3	46.000	33.000	0.283	43	163.103	7200.000
j1036_2	3	32.000	26.000	0.188	18	370.740	7200.000
j1036_3	3	23.000	18.000	0.217	57	123.289	7200.000
j1036_4	3	34.000	25.000	0.265	51	134.793	7200.000
j1036_5	3	inf	-inf	nan	0	inf	7200.000
j1036_6	3	32.000	22.000	0.312	36	193.159	7200.000
j1036_7	3	37.000	26.000	0.297	18	348.398	7200.000
j1036_8	3	33.000	25.000	0.242	21	314.289	7200.000
j1036_10	3	47.000	33.000	0.298	13	512.071	7200.000
j1037_1	3	35.000	25.000	0.286	91	77.517	7200.000
j1037_2	3	16.000	13.000	0.187	309	22.999	7200.000
j1037_3	3	27.000	21.000	0.222	69	102.318	7200.000
j1037_4	3	37.000	24.000	0.351	5	1182.755	7200.000
j1037_5	3	46.000	31.000	0.326	1	586.002	7200.000
j1037_6	3	34.000	23.000	0.324	7	888.234	7200.000
j1037_7	3	30.000	22.000	0.267	6	976.825	7200.000
j1037_8	3	38.000	27.000	0.289	17	379.839	7200.000
j1037_9	3	26.000	20.000	0.231	11	581.942	7200.000
j1037_10	3	44.000	31.000	0.295	1	3528.753	7200.000
j1038_1	3	40.000	29.000	0.275	277	25.889	7200.000
j1038_2	3	30.000	21.000	0.300	12	492.588	7200.000
j1038_3	3	31.000	21.000	0.323	57	122.537	7200.000
j1038_4	3	30.000	24.000	0.200	54	126.987	7200.000
j1038_5	3	26.000	19.000	0.269	142	50.088	7200.000
j1038_6	3	27.000	20.000	0.259	20	340.817	7200.000
j1038_7	3	32.000	24.000	0.250	110	63.628	7200.000
j1038_8	3	33.000	27.000	0.182	124	57.500	7200.000
j1038_9	3	36.000	27.000	0.250	62	113.657	7200.000
j1038_10	3	22.000	17.000	0.227	134	52.791	7200.000
j1039_1	3	23.000	18.000	0.217	12	519.459	7200.000
j1039_2	3	26.000	20.000	0.231	18	360.687	7200.000
j1039_3	3	38.000	27.000	0.289	27	255.167	7200.000
j1039_4	3	22.000	17.000	0.227	38	179.814	7200.000
j1039_5	3	42.000	30.000	0.286	12	544.495	7200.000
j1039_6	3	32.000	22.000	0.312	22	304.483	7200.000
j1039_7	3	21.000	17.000	0.190	171	41.602	7200.000
j1039_8	3	33.000	23.000	0.303	14	434.417	7200.000
j1039_9	3	38.000	25.000	0.342	32	210.294	7200.000
j1039_10	3	47.000	31.000	0.340	14	461.676	7200.000
j1040_1	3	25.000	19.000	0.240	9	694.018	7200.000
j1040_2	3	46.000	32.000	0.304	3	1601.691	7200.000
j1040_3	3	35.000	25.000	0.286	7	877.901	7200.000
j1040_5	3	30.000	24.000	0.200	82	85.570	7200.000
j1040_6	3	27.000	20.000	0.259	42	162.306	7200.000
j1040_7	3	36.000	28.000	0.222	14	461.565	7200.000
j1040_8	3	41.000	29.000	0.293	9	645.166	7200.000
j1040_9	3	26.000	20.000	0.231	33	203.494	7200.000
j1040_10	3	23.000	16.000	0.304	11	587.739	7200.000
j1042_1	3	26.000	19.000	0.269	69	100.911	7200.000
j1042_2	3	21.000	20.000	0.048	230	31.030	7200.000
j1042_3	3	37.000	29.000	0.216	128	55.074	7200.000
j1042_4	3	19.000	17.000	0.105	142	49.506	7200.000
j1042_5	3	31.000	31.000	0.000	95	1.231	117.143
j1042_6	3	17.000	15.000	0.118	312	22.925	7200.000
j1042_7	3	38.000	30.000	0.211	109	64.381	7200.000
j1042_8	3	28.000	23.000	0.179	69	101.430	7200.000
j1042_9	3	18.000	18.000	0.000	23	1.207	27.915
j1042_10	3	15.000	14.000	0.067	69	100.571	7200.000
j1043_1	3	28.000	21.000	0.250	56	125.123	7200.000
j1043_2	3	23.000	23.000	0.000	79	1.498	118.513
j1043_3	3	24.000	20.000	0.167	96	73.451	7200.000
j1043_4	3	22.000	22.000	0.000	80	21.130	1690.580
j1043_5	3	28.000	21.000	0.250	36	193.110	7200.000
j1043_6	3	22.000	20.000	0.091	230	30.896	7200.000
j1043_7	3	17.000	14.000	0.176	292	24.467	7200.000
j1043_8	3	31.000	31.000	0.000	131	1.536	201.327
j1043_9	3	18.000	18.000	0.000	12	1.083	13.153
j1043_10	3	26.000	18.000	0.308	35	194.595	7200.000
j1044_1	3	27.000	27.000	0.000	397	8.036	3190.568
j1044_2	3	24.000	20.000	0.167	104	68.482	7200.000
j1044_3	3	30.000	30.000	0.000	64	18.068	1156.513
j1044_4	3	35.000	27.000	0.229	99	70.709	7200.000
j1044_5	3	35.000	28.000	0.200	39	179.055	7200.000
j1044_7	3	22.000	19.000	0.136	186	38.315	7200.000
j1044_8	3	24.000	20.000	0.167	233	30.743	7200.000
j1044_9	3	26.000	26.000	0.000	74	65.318	4833.705
j1044_10	3	19.000	19.000	0.000	15	1.371	20.746
j1045_1	3	31.000	24.000	0.226	46	150.963	7200.000
j1045_2	3	20.000	20.000	0.000	89	52.698	4690.308
j1045_3	3	20.000	20.000	0.000	15	0.887	13.472
j1045_4	3	16.000	16.000	0.000	19	0.972	18.611
j1045_5	3	19.000	19.000	0.000	180	23.497	4229.703
j1045_6	3	19.000	19.000	0.000	168	15.414	2589.717
j1045_7	3	33.000	27.000	0.182	221	32.367	7200.000
j1045_8	3	26.000	20.000	0.231	107	65.531	7200.000
j1045_9	3	24.000	24.000	0.000	29	1.179	34.355
j1045_10	3	30.000	22.000	0.267	101	70.243	7200.000
j1046_1	3	32.000	25.000	0.219	62	113.160	7200.000
j1046_2	3	17.000	17.000	0.000	111	56.469	6268.176
j1046_3	3	20.000	18.000	0.100	484	14.801	7200.000
j1046_4	3	25.000	21.000	0.160	43	160.675	7200.000
j1046_5	3	18.000	18.000	0.000	168	4.642	779.914
j1046_6	3	28.000	23.000	0.179	63	111.595	7200.000
j1046_7	3	28.000	22.000	0.214	28	245.038	7200.000
j1046_8	3	24.000	20.000	0.167	219	32.452	7200.000
j1046_9	3	23.000	23.000	0.000	67	1.126	75.596
j1046_10	3	24.000	24.000	0.000	105	39.822	4181.572
j1047_1	3	30.000	22.000	0.267	115	61.707	7200.000
j1047_2	3	22.000	22.000	0.000	27	1.006	27.356
j1047_3	3	26.000	26.000	0.000	102	2.063	210.603
j1047_4	3	34.000	28.000	0.176	43	156.208	7200.000
j1047_5	3	20.000	18.000	0.100	86	80.921	7200.000
j1047_6	3	28.000	26.000	0.071	254	28.186	7200.000
j1047_7	3	25.000	19.000	0.240	131	54.504	7200.000
j1047_8	3	28.000	23.000	0.179	112	63.316	7200.000
j1047_9	3	18.000	18.000	0.000	26	1.811	47.280
j1047_10	3	40.000	30.000	0.250	129	54.901	7200.000
j1048_1	3	25.000	20.000	0.200	244	29.232	7200.000
j1048_2	3	23.000	18.000	0.217	185	38.535	7200.000
j1048_3	3	21.000	21.000	0.000	13	0.873	11.534
j1048_4	3	14.000	14.000	0.000	333	5.008	1667.955
j1048_5	3	21.000	20.000	0.048	304	23.536	7200.000
j1048_6	3	21.000	20.000	0.048	382	18.762	7200.000
j1048_7	3	21.000	21.000	0.000	14	1.330	18.794
j1048_8	3	37.000	37.000	0.000	139	1.542	214.506
j1048_9	3	24.000	24.000	0.000	190	16.046	3048.920
j1048_10	3	26.000	20.000	0.231	117	60.563	7200.000
j1050_1	3	20.000	20.000	0.000	20	1.172	23.592
j1050_2	3	29.000	29.000	0.000	62	1.352	83.969
j1050_3	3	23.000	23.000	0.000	59	1.354	80.018
j1050_4	3	27.000	27.000	0.000	27	1.280	34.747
j1050_5	3	15.000	15.000	0.000	87	1.496	130.305
j1050_6	3	17.000	17.000	0.000	97	5.399	523.919
j1050_7	3	36.000	36.000	0.000	226	1.593	360.311
j1050_8	3	17.000	17.000	0.000	9	0.694	6.418
j1050_9	3	33.000	33.000	0.000	73	10.189	743.945
j1050_10	3	19.000	19.000	0.000	156	13.920	2171.706
j1051_1	3	35.000	35.000	0.000	234	1.311	306.989
j1051_2	3	22.000	22.000	0.000	19	0.839	16.120
j1051_3	3	22.000	22.000	0.000	331	14.429	4776.310
j1051_4	3	26.000	26.000	0.000	78	1.326	103.589
j1051_5	3	42.000	42.000	0.000	286	1.662	475.478
j1051_6	3	13.000	13.000	0.000	12	0.754	9.216
j1051_7	3	30.000	30.000	0.000	133	1.409	187.592
j1051_8	3	21.000	21.000	0.000	20	0.878	17.720
j1051_9	3	28.000	28.000	0.000	82	1.051	86.332
j1051_10	3	19.000	19.000	0.000	16	0.641	10.401
j1052_1	3	16.000	16.000	0.000	137	7.089	971.334
j1052_2	3	26.000	26.000	0.000	175	1.482	259.462
j1052_3	3	13.000	13.000	0.000	125	1.758	219.965
j1052_4	3	23.000	23.000	0.000	61	3.667	223.865
j1052_5	3	28.000	28.000	0.000	75	1.234	92.715
j1052_6	3	21.000	21.000	0.000	172	3.749	644.994
j1052_7	3	25.000	22.000	0.120	133	53.640	7200.000
j1052_8	3	26.000	26.000	0.000	31	0.878	27.384
j1052_9	3	27.000	23.000	0.148	103	67.878	7200.000
j1052_10	3	15.000	15.000	0.000	26	0.746	19.536
j1053_1	3	26.000	26.000	0.000	29	0.728	21.232
j1053_2	3	24.000	24.000	0.000	76	3.532	268.613
j1053_3	3	32.000	32.000	0.000	310	1.945	602.951
j1053_4	3	14.000	14.000	0.000	10	0.826	8.435
j1053_5	3	27.000	27.000	0.000	58	1.292	75.084
j1053_6	3	28.000	28.000	0.000	189	14.262	2695.690
j1053_7	3	18.000	18.000	0.000	79	11.067	874.443
j1053_8	3	27.000	23.000	0.148	106	65.973	7200.000
j1053_9	3	13.000	13.000	0.000	27	1.253	33.989
j1053_10	3	35.000	35.000	0.000	69	1.090	75.356
j1054_1	3	24.000	22.000	0.083	163	43.826	7200.000
j1054_2	3	31.000	31.000	0.000	81	1.090	88.455
j1054_3	3	32.000	32.000	0.000	83	0.890	74.032
j1054_4	3	24.000	24.000	0.000	33	1.093	36.206
j1054_5	3	22.000	22.000	0.000	75	0.706	53.123
j1054_6	3	20.000	20.000	0.000	41	1.037	42.694
j1054_7	3	29.000	29.000	0.000	207	4.857	1005.624
j1054_8	3	14.000	14.000	0.000	50	1.335	66.934
j1054_9	3	25.000	22.000	0.120	236	30.150	7200.000
j1054_10	3	29.000	29.000	0.000	29	0.771	22.521
j1055_1	3	27.000	27.000	0.000	28	0.801	22.579
j1055_2	3	19.000	19.000	0.000	29	1.076	31.375
j1055_3	3	20.000	20.000	0.000	33	0.654	21.729
j1055_4	3	38.000	38.000	0.000	115	1.202	138.345
j1055_5	3	21.000	21.000	0.000	17	0.680	11.714
j1055_6	3	29.000	29.000	0.000	28	1.519	42.673
j1055_7	3	19.000	19.000	0.000	77	2.059	158.687
j1055_8	3	25.000	21.000	0.160	149	47.819	7200.000
j1055_9	3	19.000	19.000	0.000	17	1.348	23.060
j1055_10	3	26.000	26.000	0.000	83	1.089	90.500
j1056_1	3	22.000	22.000	0.000	103	7.221	743.903
j1056_2	3	20.000	20.000	0.000	15	0.758	11.519
j1056_3	3	35.000	35.000	0.000	201	1.161	233.545
j1056_4	3	16.000	16.000	0.000	10	0.571	5.856
j1056_5	3	22.000	22.000	0.000	80	25.274	2022.042
j1056_6	3	21.000	21.000	0.000	232	12.616	2927.143
j1056_7	3	28.000	28.000	0.000	76	0.972	74.062
j1056_8	3	23.000	23.000	0.000	15	1.320	19.982
j1056_9	3	23.000	23.000	0.000	218	11.356	2475.800
j1056_10	3	22.000	22.000	0.000	23	0.977	22.599
j1058_1	3	30.000	30.000	0.000	52	0.844	44.045
j1058_2	3	23.000	23.000	0.000	25	0.599	15.132
j1058_3	3	26.000	26.000	0.000	67	0.674	45.316
j1058_4	3	25.000	25.000	0.000	49	0.965	47.418
j1058_5	3	23.000	23.000	0.000	78	0.905	70.711
j1058_6	3	13.000	13.000	0.000	9	0.481	4.482
j1058_7	3	21.000	21.000	0.000	10	0.580	5.954
j1058_8	3	25.000	25.000	0.000	27	0.976	26.513
j1058_9	3	14.000	14.000	0.000	15	0.773	11.754
j1058_10	3	21.000	21.000	0.000	15	0.780	11.861
j1059_1	3	20.000	20.000	0.000	34	0.694	23.762
j1059_2	3	23.000	23.000	0.000	27	0.844	23.029
j1059_3	3	25.000	25.000	0.000	53	0.695	37.076
j1059_4	3	22.000	22.000	0.000	51	0.885	45.375
j1059_5	3	20.000	20.000	0.000	37	0.821	30.618
j1059_6	3	18.000	18.000	0.000	20	0.514	10.510
j1059_7	3	17.000	17.000	0.000	53	0.988	52.580
j1059_8	3	18.000	18.000	0.000	33	0.844	28.101
j1059_9	3	23.000	23.000	0.000	31	0.859	26.792
j1059_10	3	25.000	25.000	0.000	161	1.226	197.595
j1060_1	3	20.000	20.000	0.000	31	0.807	25.178
j1060_2	3	30.000	30.000	0.000	66	1.125	74.384
j1060_3	3	14.000	14.000	0.000	5	0.257	1.434
j1060_4	3	20.000	20.000	0.000	10	0.605	6.197
j1060_5	3	26.000	26.000	0.000	37	0.889	33.041
j1060_6	3	15.000	15.000	0.000	30	0.900	27.182
j1060_7	3	24.000	24.000	0.000	28	0.656	18.511
j1060_8	3	21.000	21.000	0.000	15	0.802	12.176
j1060_9	3	22.000	22.000	0.000	44	0.882	38.975
j1060_10	3	23.000	23.000	0.000	28	0.734	20.724
j1061_1	3	15.000	15.000	0.000	22	1.053	23.315
j1061_2	3	23.000	23.000	0.000	27	0.644	17.527
j1061_3	3	35.000	35.000	0.000	65	1.065	69.403
j1061_4	3	23.000	23.000	0.000	38	0.740	28.270
j1061_5	3	27.000	27.000	0.000	32	0.753	24.259
j1061_6	3	32.000	32.000	0.000	113	1.256	142.109
j1061_7	3	19.000	19.000	0.000	25	0.645	16.284
j1061_8	3	27.000	27.000	0.000	29	1.140	33.200
j1061_9	3	29.000	29.000	0.000	74	1.022	75.789
j1061_10	3	49.000	49.000	0.000	686	1.563	1072.717
j1062_1	3	19.000	19.000	0.000	21	0.463	9.904
j1062_2	3	28.000	28.000	0.000	49	1.002	49.264
j1062_3	3	18.000	18.000	0.000	22	0.770	17.115
j1062_4	3	18.000	18.000	0.000	22	0.774	17.175
j1062_5	3	30.000	30.000	0.000	34	0.724	24.805
j1062_6	3	29.000	29.000	0.000	67	1.102	73.958
j1062_7	3	13.000	13.000	0.000	4	0.263	1.209
j1062_8	3	17.000	17.000	0.000	10	0.557	5.724
j1062_9	3	23.000	23.000	0.000	26	0.683	17.919
j1062_10	3	27.000	27.000	0.000	25	0.906	22.803
j1063_1	3	23.000	23.000	0.000	26	0.795	20.823
j1063_2	3	26.000	26.000	0.000	109	1.084	118.353
j1063_3	3	26.000	26.000	0.000	67	0.900	60.429
j1063_4	3	18.000	18.000	0.000	10	0.524	5.420
j1063_5	3	17.000	17.000	0.000	40	1.034	41.549
j1063_6	3	22.000	22.000	0.000	12	1.157	14.069
j1063_7	3	23.000	23.000	0.000	32	0.699	22.520
j1063_8	3	12.000	12.000	0.000	3	0.450	1.521
j1063_9	3	15.000	15.000	0.000	8	0.430	3.585
j1063_10	3	14.000	14.000	0.000	18	0.510	9.413
j1064_1	3	26.000	26.000	0.000	23	0.786	18.253
j1064_2	3	21.000	21.000	0.000	31	0.702	21.933
j1064_3	3	21.000	21.000	0.000	35	1.038	36.551
j1064_4	3	21.000	21.000	0.000	11	0.289	3.359
j1064_5	3	25.000	25.000	0.000	92	0.933	85.989
j1064_6	3	18.000	18.000	0.000	22	0.734	16.328
j1064_7	3	18.000	18.000	0.000	26	0.684	17.941
j1064_8	3	22.000	22.000	0.000	14	0.605	8.623
j1064_9	3	28.000	28.000	0.000	29	0.570	16.686
j1064_10	3	23.000	23.000	0.000	54	0.842	45.614
