instance	Gamma	objval	objbound	gap	n_iterations	avg_iteration	runtime
j102_2	5	29.000	29.000	0.000	20	2.099	42.142
j102_4	5	28.000	28.000	0.000	291	5.841	1699.812
j102_5	5	22.000	19.000	0.136	339	21.104	7200.000
j102_6	5	26.000	26.000	0.000	79	4.981	393.649
j102_7	5	42.000	42.000	0.000	299	7.035	2103.670
j102_9	5	27.000	27.000	0.000	115	9.252	1064.033
j102_10	5	35.000	35.000	0.000	523	8.273	4327.011
j103_2	5	20.000	20.000	0.000	108	1.561	168.734
j103_3	5	29.000	25.000	0.138	577	12.373	7200.000
j103_4	5	36.000	36.000	0.000	127	2.357	299.450
j103_5	5	32.000	32.000	0.000	201	3.401	683.615
j103_6	5	46.000	39.000	0.152	581	12.355	7200.000
j103_7	5	22.000	22.000	0.000	189	1.254	237.005
j103_8	5	37.000	32.000	0.135	419	17.080	7200.000
j103_9	5	32.000	32.000	0.000	137	1.071	146.924
j103_10	5	25.000	25.000	0.000	121	2.440	295.392
j104_1	5	43.000	42.000	0.023	641	11.207	7200.000
j104_2	5	32.000	32.000	0.000	465	9.022	4195.375
j104_3	5	37.000	37.000	0.000	250	2.042	510.667
j104_4	5	22.000	22.000	0.000	371	5.738	2128.939
j104_5	5	49.000	40.000	0.184	888	8.085	7200.000
j104_6	5	34.000	34.000	0.000	297	4.102	1218.495
j104_8	5	30.000	30.000	0.000	128	6.030	771.942
j104_9	5	33.000	33.000	0.000	132	2.961	391.014
j104_10	5	24.000	24.000	0.000	51	1.216	62.085
j105_1	5	52.000	46.000	0.115	1371	5.248	7200.000
j105_3	5	20.000	20.000	0.000	57	0.223	12.821
j105_4	5	22.000	21.000	0.045	497	14.405	7200.000
j105_6	5	27.000	27.000	0.000	65	0.411	26.941
j105_8	5	33.000	30.000	0.091	748	9.606	7200.000
j105_10	5	25.000	25.000	0.000	155	9.956	1543.219
j106_1	5	27.000	27.000	0.000	234	3.868	905.289
j106_3	5	36.000	36.000	0.000	188	4.298	808.092
j106_4	5	28.000	27.000	0.036	625	11.478	7200.000
j106_5	5	55.000	47.000	0.145	1126	6.388	7200.000
j106_7	5	32.000	31.000	0.031	833	8.615	7200.000
j106_8	5	29.000	29.000	0.000	299	5.025	1502.440
j107_1	5	20.000	20.000	0.000	109	1.918	209.117
j107_2	5	35.000	35.000	0.000	55	2.056	113.172
j107_3	5	34.000	34.000	0.000	100	3.364	336.493
j107_4	5	24.000	24.000	0.000	76	1.268	96.460
j107_5	5	39.000	39.000	0.000	34	0.965	32.901
j107_6	5	57.000	43.000	0.246	1132	6.349	7200.000
j107_8	5	49.000	49.000	0.000	77	4.445	342.364
j107_9	5	46.000	46.000	0.000	11	3.881	42.796
j108_3	5	27.000	27.000	0.000	200	1.255	251.070
j108_5	5	40.000	40.000	0.000	36	0.875	31.588
j108_6	5	36.000	36.000	0.000	388	3.556	1379.965
j108_7	5	32.000	30.000	0.062	453	15.847	7200.000
j108_8	5	21.000	21.000	0.000	33	1.017	33.725
j108_10	5	36.000	36.000	0.000	133	2.479	329.867
j1010_1	5	26.000	26.000	0.000	64	0.407	26.124
j1010_2	5	35.000	35.000	0.000	169	0.388	65.746
j1010_3	5	32.000	32.000	0.000	270	0.288	77.702
j1010_4	5	24.000	24.000	0.000	36	1.451	52.315
j1010_5	5	34.000	34.000	0.000	191	1.453	277.524
j1010_6	5	20.000	20.000	0.000	54	2.422	131.011
j1010_7	5	20.000	20.000	0.000	13	0.131	1.799
j1010_8	5	18.000	18.000	0.000	84	2.456	206.361
j1010_9	5	15.000	15.000	0.000	57	0.730	41.678
j1010_10	5	20.000	20.000	0.000	84	2.550	214.273
j1011_1	5	31.000	31.000	0.000	236	0.535	126.365
j1011_2	5	16.000	16.000	0.000	31	0.168	5.388
j1011_3	5	19.000	19.000	0.000	20	0.143	3.012
j1011_4	5	38.000	38.000	0.000	228	1.898	432.905
j1011_5	5	24.000	24.000	0.000	75	0.294	22.111
j1011_6	5	23.000	23.000	0.000	121	0.695	84.205
j1011_7	5	17.000	17.000	0.000	37	0.368	13.699
j1011_8	5	23.000	23.000	0.000	53	0.519	27.594
j1011_9	5	24.000	24.000	0.000	85	0.203	17.346
j1011_10	5	33.000	33.000	0.000	144	0.263	38.149
j1012_1	5	25.000	25.000	0.000	51	0.180	9.268
j1012_2	5	24.000	24.000	0.000	13	0.193	2.567
j1012_3	5	25.000	25.000	0.000	103	0.968	99.792
j1012_4	5	27.000	27.000	0.000	54	0.212	11.549
j1012_5	5	21.000	21.000	0.000	34	1.809	61.601
j1012_6	5	35.000	35.000	0.000	549	9.110	5001.496
j1012_7	5	19.000	19.000	0.000	21	0.148	3.273
j1012_8	5	30.000	30.000	0.000	71	0.154	11.011
j1012_9	5	33.000	33.000	0.000	110	0.369	40.692
j1012_10	5	14.000	14.000	0.000	3	0.052	0.223
j1013_1	5	25.000	25.000	0.000	71	0.300	21.394
j1013_2	5	28.000	28.000	0.000	28	0.813	22.857
j1013_3	5	27.000	27.000	0.000	59	0.298	17.658
j1013_4	5	31.000	31.000	0.000	83	0.188	15.754
j1013_5	5	16.000	16.000	0.000	50	0.614	30.750
j1013_6	5	28.000	28.000	0.000	199	2.871	571.438
j1013_7	5	19.000	19.000	0.000	46	0.192	8.930
j1013_8	5	15.000	15.000	0.000	33	0.316	10.509
j1013_9	5	23.000	23.000	0.000	60	0.299	18.055
j1013_10	5	20.000	20.000	0.000	20	0.232	4.720
j1014_1	5	21.000	21.000	0.000	13	0.104	1.525
j1014_2	5	22.000	22.000	0.000	26	0.159	4.216
j1014_3	5	30.000	30.000	0.000	146	1.756	256.428
j1014_4	5	27.000	27.000	0.000	129	1.624	209.591
j1014_5	5	30.000	30.000	0.000	76	0.270	20.575
j1014_6	5	23.000	23.000	0.000	244	2.133	520.525
j1014_7	5	24.000	24.000	0.000	60	0.421	25.372
j1014_8	5	30.000	30.000	0.000	135	0.656	88.702
j1014_9	5	32.000	32.000	0.000	118	0.320	37.812
j1014_10	5	14.000	14.000	0.000	11	0.236	2.688
j1015_1	5	20.000	20.000	0.000	20	0.176	3.602
j1015_2	5	39.000	39.000	0.000	570	3.654	2082.691
j1015_3	5	23.000	23.000	0.000	187	2.468	461.683
j1015_4	5	16.000	16.000	0.000	13	0.181	2.445
j1015_5	5	10.000	10.000	0.000	12	0.137	1.784
j1015_6	5	29.000	29.000	0.000	163	6.591	1074.359
j1015_7	5	13.000	13.000	0.000	8	0.802	6.506
j1015_8	5	16.000	16.000	0.000	13	0.286	3.810
j1015_9	5	21.000	21.000	0.000	87	1.031	89.810
j1015_10	5	27.000	27.000	0.000	175	0.899	157.393
j1016_1	5	21.000	21.000	0.000	13	0.152	2.078
j1016_2	5	27.000	27.000	0.000	32	0.215	7.069
j1016_3	5	18.000	18.000	0.000	72	0.441	31.810
j1016_4	5	33.000	33.000	0.000	290	0.729	211.501
j1016_5	5	40.000	40.000	0.000	101	0.444	44.870
j1016_6	5	33.000	33.000	0.000	69	4.342	299.668
j1016_7	5	19.000	19.000	0.000	33	0.350	11.610
j1016_8	5	13.000	13.000	0.000	55	1.095	60.317
j1016_9	5	25.000	25.000	0.000	57	0.346	19.881
j1016_10	5	42.000	42.000	0.000	95	0.228	21.720
j1018_1	5	21.000	21.000	0.000	80	0.789	63.209
j1018_2	5	24.000	24.000	0.000	126	0.857	108.109
j1018_3	5	25.000	25.000	0.000	31	0.261	8.179
j1018_4	5	28.000	28.000	0.000	58	0.285	16.616
j1018_5	5	20.000	20.000	0.000	55	0.212	11.735
j1018_6	5	24.000	24.000	0.000	50	0.186	9.436
j1018_7	5	19.000	19.000	0.000	18	0.084	1.570
j1018_8	5	25.000	25.000	0.000	34	0.169	5.829
j1018_9	5	21.000	21.000	0.000	50	0.258	12.953
j1018_10	5	23.000	23.000	0.000	15	0.144	2.258
j1019_1	5	21.000	21.000	0.000	16	0.213	3.465
j1019_2	5	24.000	24.000	0.000	50	0.200	10.070
j1019_3	5	26.000	26.000	0.000	58	0.270	15.780
j1019_4	5	24.000	24.000	0.000	55	0.616	33.985
j1019_5	5	20.000	20.000	0.000	16	0.221	3.620
j1019_6	5	26.000	26.000	0.000	109	0.361	39.434
j1019_7	5	22.000	22.000	0.000	24	0.156	3.833
j1019_8	5	22.000	22.000	0.000	68	0.259	17.670
j1019_9	5	18.000	18.000	0.000	106	0.783	83.036
j1019_10	5	16.000	16.000	0.000	12	0.086	1.118
j1020_1	5	18.000	18.000	0.000	11	0.107	1.310
j1020_2	5	28.000	28.000	0.000	146	2.284	333.545
j1020_3	5	34.000	34.000	0.000	88	0.224	19.792
j1020_4	5	27.000	27.000	0.000	72	0.223	16.115
j1020_5	5	19.000	19.000	0.000	59	0.238	14.108
j1020_6	5	31.000	31.000	0.000	139	0.219	30.573
j1020_8	5	18.000	18.000	0.000	34	0.395	13.518
j1020_9	5	14.000	14.000	0.000	15	0.143	2.223
j1020_10	5	16.000	16.000	0.000	4	0.190	0.858
j1021_1	5	27.000	27.000	0.000	45	0.192	8.698
j1021_2	5	19.000	19.000	0.000	25	0.227	5.769
j1021_3	5	42.000	42.000	0.000	263	0.281	74.126
j1021_4	5	18.000	18.000	0.000	32	0.161	5.216
j1021_5	5	37.000	37.000	0.000	227	0.413	93.896
j1021_6	5	21.000	21.000	0.000	84	0.306	25.831
j1021_7	5	17.000	17.000	0.000	25	0.166	4.234
j1021_8	5	19.000	19.000	0.000	63	0.681	42.981
j1021_9	5	19.000	19.000	0.000	114	2.331	265.874
j1021_10	5	25.000	25.000	0.000	60	0.426	25.660
j1022_1	5	28.000	28.000	0.000	80	1.106	88.509
j1022_2	5	16.000	16.000	0.000	42	0.547	23.061
j1022_3	5	31.000	31.000	0.000	58	0.184	10.745
j1022_4	5	21.000	21.000	0.000	22	0.191	4.265
j1022_5	5	19.000	19.000	0.000	33	0.224	7.552
j1022_6	5	24.000	24.000	0.000	33	0.223	7.474
j1022_7	5	12.000	12.000	0.000	4	0.179	0.810
j1022_8	5	27.000	27.000	0.000	78	0.244	19.084
j1022_9	5	29.000	29.000	0.000	30	0.175	5.351
j1022_10	5	26.000	26.000	0.000	28	0.194	5.528
j1023_1	5	21.000	21.000	0.000	19	0.196	3.813
j1023_2	5	23.000	23.000	0.000	53	0.166	8.875
j1023_3	5	25.000	25.000	0.000	72	0.200	14.491
j1023_4	5	24.000	24.000	0.000	45	0.236	10.720
j1023_5	5	23.000	23.000	0.000	26	0.241	6.349
j1023_6	5	28.000	28.000	0.000	64	0.276	17.788
j1023_8	5	29.000	29.000	0.000	67	0.229	15.394
j1023_9	5	17.000	17.000	0.000	37	0.344	12.812
j1023_10	5	24.000	24.000	0.000	10	0.038	0.465
j1024_1	5	11.000	11.000	0.000	7	0.054	0.448
j1024_2	5	22.000	22.000	0.000	42	0.156	6.626
j1024_3	5	16.000	16.000	0.000	12	0.107	1.378
j1024_4	5	23.000	23.000	0.000	90	0.213	19.290
j1024_5	5	22.000	22.000	0.000	37	0.195	7.302
j1024_6	5	26.000	26.000	0.000	27	0.175	4.840
j1024_7	5	27.000	27.000	0.000	61	0.240	14.723
j1024_8	5	40.000	40.000	0.000	109	0.251	27.415
j1024_9	5	16.000	16.000	0.000	56	0.313	17.642
j1024_10	5	24.000	24.000	0.000	130	0.769	100.028
j1026_1	5	22.000	22.000	0.000	31	0.173	5.482
j1026_2	5	16.000	16.000	0.000	9	0.098	0.970
j1026_3	5	26.000	26.000	0.000	29	0.124	3.672
j1026_4	5	22.000	22.000	0.000	14	0.106	1.563
j1026_5	5	27.000	27.000	0.000	82	0.165	13.608
j1026_6	5	28.000	28.000	0.000	111	0.166	18.467
j1026_7	5	22.000	22.000	0.000	23	0.189	4.433
j1026_8	5	24.000	24.000	0.000	27	0.203	5.560
j1026_9	5	18.000	18.000	0.000	4	0.036	0.231
j1026_10	5	24.000	24.000	0.000	22	0.210	4.697
j1027_1	5	24.000	24.000	0.000	39	0.196	7.739
j1027_2	5	18.000	18.000	0.000	27	0.197	5.421
j1027_3	5	23.000	23.000	0.000	41	0.169	6.999
j1027_4	5	23.000	23.000	0.000	52	0.267	13.934
j1027_5	5	25.000	25.000	0.000	30	0.207	6.305
j1027_6	5	22.000	22.000	0.000	22	0.133	3.032
j1027_7	5	16.000	16.000	0.000	33	0.195	6.515
j1027_8	5	19.000	19.000	0.000	25	0.168	4.277
j1027_9	5	25.000	25.000	0.000	29	0.177	5.228
j1027_10	5	22.000	22.000	0.000	19	0.121	2.362
j1028_1	5	30.000	30.000	0.000	89	0.207	18.473
j1028_2	5	39.000	39.000	0.000	85	0.167	14.277
j1028_3	5	33.000	33.000	0.000	89	0.180	16.142
j1028_4	5	26.000	26.000	0.000	53	0.168	9.018
j1028_5	5	28.000	28.000	0.000	107	0.174	18.723
j1028_6	5	13.000	13.000	0.000	3	0.137	0.507
j1028_7	5	24.000	24.000	0.000	26	0.169	4.457
j1028_8	5	26.000	26.000	0.000	85	0.181	15.429
j1028_9	5	18.000	18.000	0.000	38	0.170	6.512
j1028_10	5	28.000	28.000	0.000	67	0.201	13.590
j1029_1	5	24.000	24.000	0.000	37	0.136	5.129
j1029_2	5	20.000	20.000	0.000	33	0.139	4.691
j1029_3	5	25.000	25.000	0.000	66	0.130	8.654
j1029_4	5	27.000	27.000	0.000	51	0.133	6.893
j1029_5	5	27.000	27.000	0.000	27	0.140	3.862
j1029_6	5	26.000	26.000	0.000	28	0.178	5.052
j1029_7	5	23.000	23.000	0.000	18	0.124	2.326
j1029_8	5	15.000	15.000	0.000	7	0.042	0.365
j1029_9	5	22.000	22.000	0.000	17	0.132	2.308
j1029_10	5	25.000	25.000	0.000	40	0.217	8.777
j1030_1	5	23.000	23.000	0.000	33	0.171	5.724
j1030_2	5	17.000	17.000	0.000	23	0.163	3.859
j1030_3	5	27.000	27.000	0.000	73	0.208	15.300
j1030_4	5	19.000	19.000	0.000	24	0.130	3.221
j1030_5	5	38.000	38.000	0.000	195	0.204	39.883
j1030_6	5	35.000	35.000	0.000	73	0.154	11.318
j1030_7	5	20.000	20.000	0.000	28	0.124	3.561
j1030_8	5	20.000	20.000	0.000	21	0.160	3.435
j1030_9	5	22.000	22.000	0.000	110	0.170	18.795
j1030_10	5	27.000	27.000	0.000	28	0.147	4.261
j1031_1	5	27.000	27.000	0.000	26	0.174	4.619
j1031_2	5	24.000	24.000	0.000	70	0.171	12.086
j1031_3	5	24.000	24.000	0.000	22	0.184	4.132
j1031_4	5	27.000	27.000	0.000	61	0.225	13.828
j1031_5	5	23.000	23.000	0.000	21	0.170	3.656
j1031_6	5	32.000	32.000	0.000	28	0.118	3.399
j1031_7	5	22.000	22.000	0.000	34	0.157	5.426
j1031_8	5	26.000	26.000	0.000	35	0.134	4.766
j1031_9	5	22.000	22.000	0.000	16	0.163	2.720
j1031_10	5	19.000	19.000	0.000	18	0.129	2.417
j1032_1	5	26.000	26.000	0.000	180	0.248	44.724
j1032_2	5	18.000	18.000	0.000	120	0.286	34.388
j1032_3	5	31.000	31.000	0.000	53	0.221	11.777
j1032_4	5	19.000	19.000	0.000	30	0.176	5.341
j1032_5	5	17.000	17.000	0.000	17	0.134	2.376
j1032_6	5	27.000	27.000	0.000	50	0.150	7.578
j1032_7	5	26.000	26.000	0.000	24	0.106	2.599
j1032_8	5	19.000	19.000	0.000	33	0.151	5.042
j1032_9	5	23.000	23.000	0.000	22	0.198	4.461
j1032_10	5	21.000	21.000	0.000	34	0.178	6.159
j1034_1	5	33.000	25.000	0.242	1010	7.121	7200.000
j1034_2	5	18.000	15.000	0.167	547	13.115	7200.000
j1034_3	5	34.000	25.000	0.265	471	15.243	7200.000
j1034_4	5	30.000	22.000	0.267	541	13.249	7200.000
j1034_5	5	32.000	23.000	0.281	715	10.033	7200.000
j1034_6	5	45.000	32.000	0.289	450	15.932	7200.000
j1034_7	5	38.000	26.000	0.316	481	14.933	7200.000
j1034_8	5	27.000	20.000	0.259	308	23.275	7200.000
j1034_9	5	39.000	29.000	0.256	466	15.302	7200.000
j1034_10	5	18.000	15.000	0.167	762	9.434	7200.000
j1035_1	5	44.000	31.000	0.295	684	10.499	7200.000
j1035_2	5	51.000	35.000	0.314	225	31.622	7200.000
j1035_3	5	53.000	35.000	0.340	347	20.635	7200.000
j1035_4	5	35.000	26.000	0.257	788	9.110	7200.000
j1035_5	5	34.000	26.000	0.235	721	9.955	7200.000
j1035_6	5	28.000	21.000	0.250	778	9.233	7200.000
j1035_7	5	31.000	23.000	0.258	374	19.188	7200.000
j1035_8	5	43.000	29.000	0.326	191	37.482	7200.000
j1035_9	5	25.000	20.000	0.200	915	7.849	7200.000
j1035_10	5	30.000	22.000	0.267	264	26.982	7200.000
j1036_1	5	50.000	35.000	0.300	848	8.471	7200.000
j1036_2	5	36.000	27.000	0.250	422	17.013	7200.000
j1036_3	5	24.000	19.000	0.208	553	12.973	7200.000
j1036_4	5	36.000	29.000	0.194	734	9.791	7200.000
j1036_5	5	34.000	23.000	0.324	61	114.262	7200.000
j1036_6	5	34.000	24.000	0.294	304	23.568	7200.000
j1036_7	5	39.000	28.000	0.282	680	10.561	7200.000
j1036_8	5	35.000	25.000	0.286	544	13.176	7200.000
j1036_10	5	51.000	36.000	0.294	645	11.144	7200.000
j1037_1	5	36.000	27.000	0.250	771	9.312	7200.000
j1037_2	5	16.000	14.000	0.125	985	7.301	7200.000
j1037_3	5	25.000	22.000	0.120	1035	6.943	7200.000
j1037_4	5	38.000	26.000	0.316	197	36.189	7200.000
j1037_5	5	47.000	32.000	0.319	472	15.222	7200.000
j1037_6	5	34.000	25.000	0.265	419	17.096	7200.000
j1037_7	5	27.000	22.000	0.185	273	26.211	7200.000
j1037_8	5	38.000	29.000	0.237	448	16.005	7200.000
j1037_9	5	29.000	20.000	0.310	433	16.569	7200.000
j1037_10	5	45.000	33.000	0.267	104	68.225	7200.000
j1038_1	5	40.000	30.000	0.250	937	7.656	7200.000
j1038_2	5	32.000	23.000	0.281	434	16.518	7200.000
j1038_3	5	31.000	24.000	0.226	598	12.017	7200.000
j1038_4	5	32.000	26.000	0.187	471	15.206	7200.000
j1038_5	5	26.000	21.000	0.192	644	11.153	7200.000
j1038_6	5	29.000	22.000	0.241	708	10.153	7200.000
j1038_7	5	34.000	27.000	0.206	819	8.778	7200.000
j1038_8	5	36.000	29.000	0.194	906	7.929	7200.000
j1038_9	5	38.000	29.000	0.237	758	9.482	7200.000
j1038_10	5	23.000	19.000	0.174	949	7.574	7200.000
j1039_1	5	25.000	19.000	0.240	299	23.969	7200.000
j1039_2	5	28.000	20.000	0.286	464	15.426	7200.000
j1039_3	5	41.000	29.000	0.293	772	9.314	7200.000
j1039_4	5	24.000	17.000	0.292	522	13.757	7200.000
j1039_5	5	46.000	32.000	0.304	310	23.111	7200.000
j1039_6	5	31.000	23.000	0.258	313	22.852	7200.000
j1039_7	5	21.000	19.000	0.095	914	7.866	7200.000
j1039_8	5	34.000	24.000	0.294	568	12.635	7200.000
j1039_9	5	39.000	28.000	0.282	439	16.313	7200.000
j1039_10	5	49.000	33.000	0.327	823	8.724	7200.000
j1040_1	5	27.000	20.000	0.259	320	22.336	7200.000
j1040_2	5	48.000	34.000	0.292	640	11.215	7200.000
j1040_3	5	36.000	25.000	0.306	546	13.155	7200.000
j1040_5	5	32.000	28.000	0.125	870	8.264	7200.000
j1040_6	5	27.000	22.000	0.185	280	25.548	7200.000
j1040_7	5	40.000	30.000	0.250	707	10.157	7200.000
j1040_8	5	44.000	32.000	0.273	617	11.629	7200.000
j1040_9	5	28.000	21.000	0.250	564	12.719	7200.000
j1040_10	5	23.000	17.000	0.261	483	14.861	7200.000
j1042_1	5	27.000	23.000	0.148	672	10.676	7200.000
j1042_2	5	21.000	21.000	0.000	343	3.191	1094.656
j1042_3	5	40.000	34.000	0.150	678	10.589	7200.000
j1042_4	5	20.000	20.000	0.000	445	12.541	5580.781
j1042_5	5	32.000	32.000	0.000	102	0.562	57.440
j1042_6	5	17.000	16.000	0.059	667	10.778	7200.000
j1042_7	5	41.000	34.000	0.171	619	11.599	7200.000
j1042_8	5	28.000	28.000	0.000	230	3.583	824.228
j1042_9	5	18.000	18.000	0.000	231	2.743	633.693
j1042_10	5	15.000	15.000	0.000	72	5.934	427.360
j1043_1	5	29.000	26.000	0.103	796	9.024	7200.000
j1043_2	5	23.000	23.000	0.000	88	0.362	31.948
j1043_3	5	27.000	22.000	0.185	680	10.566	7200.000
j1043_4	5	22.000	22.000	0.000	77	2.200	169.465
j1043_5	5	30.000	22.000	0.267	402	17.789	7200.000
j1043_6	5	25.000	24.000	0.040	671	10.678	7200.000
j1043_7	5	18.000	17.000	0.056	642	11.190	7200.000
j1043_8	5	33.000	33.000	0.000	188	0.371	69.907
j1043_9	5	18.000	18.000	0.000	13	0.166	2.254
j1043_10	5	26.000	20.000	0.231	339	21.119	7200.000
j1044_1	5	28.000	28.000	0.000	756	4.344	3284.332
j1044_2	5	25.000	25.000	0.000	317	8.901	2821.640
j1044_3	5	32.000	28.000	0.125	568	12.634	7200.000
j1044_4	5	39.000	31.000	0.205	462	15.547	7200.000
j1044_5	5	38.000	31.000	0.184	454	15.736	7200.000
j1044_7	5	23.000	23.000	0.000	208	1.750	363.987
j1044_8	5	25.000	23.000	0.080	712	10.094	7200.000
j1044_9	5	26.000	26.000	0.000	231	2.717	627.804
j1044_10	5	20.000	20.000	0.000	22	0.161	3.624
j1045_1	5	34.000	31.000	0.088	656	10.945	7200.000
j1045_2	5	20.000	20.000	0.000	95	0.775	73.693
j1045_3	5	20.000	20.000	0.000	19	0.358	6.900
j1045_4	5	16.000	16.000	0.000	17	0.331	5.719
j1045_5	5	21.000	21.000	0.000	427	5.058	2159.908
j1045_6	5	19.000	19.000	0.000	166	2.093	347.560
j1045_7	5	34.000	34.000	0.000	107	0.321	34.390
j1045_8	5	28.000	26.000	0.071	683	10.512	7200.000
j1045_9	5	24.000	24.000	0.000	28	0.258	7.312
j1045_10	5	32.000	24.000	0.250	451	15.918	7200.000
j1046_1	5	35.000	29.000	0.171	604	11.891	7200.000
j1046_2	5	17.000	17.000	0.000	175	1.279	223.830
j1046_3	5	20.000	20.000	0.000	680	8.762	5958.079
j1046_4	5	25.000	25.000	0.000	265	10.893	2886.688
j1046_5	5	19.000	19.000	0.000	290	2.553	740.599
j1046_6	5	28.000	28.000	0.000	211	8.138	1717.299
j1046_7	5	32.000	32.000	0.000	271	6.474	1754.494
j1046_8	5	26.000	21.000	0.192	435	16.501	7200.000
j1046_9	5	23.000	23.000	0.000	59	0.583	34.493
j1046_10	5	26.000	26.000	0.000	120	0.698	83.901
j1047_1	5	31.000	25.000	0.194	1085	6.627	7200.000
j1047_2	5	23.000	23.000	0.000	318	6.685	2125.911
j1047_3	5	27.000	27.000	0.000	333	2.761	919.504
j1047_4	5	36.000	32.000	0.111	1173	6.132	7200.000
j1047_5	5	21.000	21.000	0.000	365	6.195	2261.394
j1047_6	5	29.000	29.000	0.000	453	2.156	976.556
j1047_7	5	25.000	21.000	0.160	450	15.964	7200.000
j1047_8	5	30.000	25.000	0.167	489	14.690	7200.000
j1047_9	5	20.000	20.000	0.000	184	2.438	448.681
j1047_10	5	41.000	32.000	0.220	830	8.647	7200.000
j1048_1	5	25.000	25.000	0.000	649	8.340	5412.619
j1048_2	5	25.000	22.000	0.120	1008	7.128	7200.000
j1048_3	5	21.000	21.000	0.000	17	0.176	3.083
j1048_4	5	15.000	15.000	0.000	419	3.472	1454.819
j1048_5	5	22.000	22.000	0.000	523	5.596	2926.776
j1048_6	5	21.000	21.000	0.000	409	5.637	2305.578
j1048_7	5	21.000	21.000	0.000	259	4.737	1226.992
j1048_8	5	38.000	38.000	0.000	178	0.519	92.419
j1048_9	5	24.000	24.000	0.000	331	4.205	1391.895
j1048_10	5	26.000	26.000	0.000	738	6.310	4656.725
j1050_1	5	20.000	20.000	0.000	19	0.141	2.745
j1050_2	5	31.000	31.000	0.000	109	0.237	25.930
j1050_3	5	25.000	25.000	0.000	80	0.207	16.602
j1050_4	5	27.000	27.000	0.000	28	0.192	5.464
j1050_5	5	15.000	15.000	0.000	88	0.693	61.122
j1050_6	5	18.000	18.000	0.000	131	0.413	54.259
j1050_7	5	41.000	41.000	0.000	273	0.424	115.822
j1050_8	5	17.000	17.000	0.000	7	0.112	0.881
j1050_9	5	33.000	33.000	0.000	73	0.238	17.492
j1050_10	5	20.000	20.000	0.000	222	2.205	489.521
j1051_1	5	37.000	37.000	0.000	748	5.421	4054.968
j1051_2	5	22.000	22.000	0.000	19	0.117	2.305
j1051_3	5	23.000	23.000	0.000	511	3.839	1961.955
j1051_4	5	27.000	27.000	0.000	75	0.294	22.188
j1051_5	5	47.000	47.000	0.000	272	0.423	115.099
j1051_6	5	13.000	13.000	0.000	16	0.128	2.118
j1051_7	5	33.000	33.000	0.000	161	0.219	35.374
j1051_8	5	22.000	22.000	0.000	20	0.106	2.212
j1051_9	5	30.000	30.000	0.000	76	0.199	15.244
j1051_10	5	19.000	19.000	0.000	13	0.118	1.606
j1052_1	5	17.000	17.000	0.000	204	1.590	324.360
j1052_2	5	28.000	28.000	0.000	235	0.431	101.329
j1052_3	5	13.000	13.000	0.000	134	0.457	61.378
j1052_4	5	24.000	24.000	0.000	68	0.257	17.534
j1052_5	5	30.000	30.000	0.000	78	0.177	13.882
j1052_6	5	21.000	21.000	0.000	151	0.651	98.400
j1052_7	5	25.000	25.000	0.000	144	1.135	163.584
j1052_8	5	26.000	26.000	0.000	35	0.239	8.455
j1052_9	5	28.000	28.000	0.000	383	2.665	1020.862
j1052_10	5	15.000	15.000	0.000	40	0.171	6.922
j1053_1	5	26.000	26.000	0.000	25	0.166	4.237
j1053_2	5	26.000	26.000	0.000	124	0.532	66.064
j1053_3	5	35.000	35.000	0.000	307	0.741	227.634
j1053_4	5	14.000	14.000	0.000	10	0.159	1.691
j1053_5	5	29.000	29.000	0.000	153	0.274	42.059
j1053_6	5	29.000	29.000	0.000	227	0.619	140.646
j1053_7	5	19.000	18.000	0.053	782	9.180	7200.000
j1053_8	5	27.000	27.000	0.000	140	0.849	119.002
j1053_9	5	13.000	13.000	0.000	25	0.290	7.331
j1053_10	5	37.000	37.000	0.000	76	0.150	11.513
j1054_1	5	24.000	24.000	0.000	250	2.128	531.999
j1054_2	5	32.000	32.000	0.000	86	0.245	21.143
j1054_3	5	33.000	33.000	0.000	87	0.144	12.590
j1054_4	5	24.000	24.000	0.000	25	0.126	3.232
j1054_5	5	22.000	22.000	0.000	71	0.356	25.371
j1054_6	5	20.000	20.000	0.000	34	0.169	5.831
j1054_7	5	29.000	29.000	0.000	57	0.196	11.256
j1054_8	5	14.000	14.000	0.000	99	0.670	66.383
j1054_9	5	27.000	27.000	0.000	839	6.179	5184.394
j1054_10	5	29.000	29.000	0.000	40	0.205	8.278
j1055_1	5	29.000	29.000	0.000	40	0.150	6.070
j1055_2	5	19.000	19.000	0.000	36	0.152	5.547
j1055_3	5	20.000	20.000	0.000	29	0.130	3.839
j1055_4	5	38.000	38.000	0.000	110	0.207	22.875
j1055_5	5	21.000	21.000	0.000	17	0.133	2.328
j1055_6	5	29.000	29.000	0.000	30	0.226	6.845
j1055_7	5	19.000	19.000	0.000	82	0.263	21.623
j1055_8	5	26.000	25.000	0.038	535	13.419	7200.000
j1055_9	5	19.000	19.000	0.000	16	0.211	3.442
j1055_10	5	27.000	27.000	0.000	89	0.166	14.854
j1056_1	5	22.000	22.000	0.000	102	0.618	63.122
j1056_2	5	20.000	20.000	0.000	15	0.122	1.901
j1056_3	5	37.000	37.000	0.000	223	0.263	58.795
j1056_4	5	16.000	16.000	0.000	10	0.086	0.930
j1056_5	5	22.000	22.000	0.000	86	1.587	136.554
j1056_6	5	21.000	21.000	0.000	232	1.413	327.937
j1056_7	5	29.000	29.000	0.000	80	0.185	14.869
j1056_8	5	23.000	23.000	0.000	17	0.212	3.695
j1056_9	5	23.000	23.000	0.000	143	1.906	272.650
j1056_10	5	22.000	22.000	0.000	51	0.413	21.157
j1058_1	5	30.000	30.000	0.000	52	0.143	7.541
j1058_2	5	23.000	23.000	0.000	25	0.138	3.556
j1058_3	5	26.000	26.000	0.000	59	0.149	8.864
j1058_4	5	26.000	26.000	0.000	50	0.132	6.695
j1058_5	5	24.000	24.000	0.000	86	0.130	11.288
j1058_6	5	13.000	13.000	0.000	13	0.070	0.979
j1058_7	5	21.000	21.000	0.000	10	0.064	0.711
j1058_8	5	25.000	25.000	0.000	27	0.124	3.413
j1058_9	5	14.000	14.000	0.000	25	0.095	2.438
j1058_10	5	21.000	21.000	0.000	14	0.093	1.376
j1059_1	5	20.000	20.000	0.000	37	0.147	5.501
j1059_2	5	23.000	23.000	0.000	25	0.112	2.874
j1059_3	5	26.000	26.000	0.000	60	0.131	7.948
j1059_4	5	22.000	22.000	0.000	52	0.115	6.060
j1059_5	5	20.000	20.000	0.000	23	0.132	3.118
j1059_6	5	18.000	18.000	0.000	25	0.108	2.767
j1059_7	5	17.000	17.000	0.000	48	0.142	6.917
j1059_8	5	19.000	19.000	0.000	35	0.188	6.662
j1059_9	5	23.000	23.000	0.000	40	0.112	4.553
j1059_10	5	26.000	26.000	0.000	143	0.374	53.500
j1060_1	5	20.000	20.000	0.000	29	0.155	4.577
j1060_2	5	30.000	30.000	0.000	66	0.162	10.777
j1060_3	5	14.000	14.000	0.000	6	0.043	0.329
j1060_4	5	20.000	20.000	0.000	12	0.087	1.126
j1060_5	5	28.000	28.000	0.000	50	0.138	6.952
j1060_6	5	15.000	15.000	0.000	35	0.139	4.946
j1060_7	5	24.000	24.000	0.000	26	0.124	3.303
j1060_8	5	21.000	21.000	0.000	13	0.101	1.397
j1060_9	5	24.000	24.000	0.000	50	0.143	7.258
j1060_10	5	23.000	23.000	0.000	29	0.102	3.023
j1061_1	5	15.000	15.000	0.000	21	0.171	3.671
j1061_2	5	23.000	23.000	0.000	32	0.118	3.866
j1061_3	5	36.000	36.000	0.000	74	0.167	12.463
j1061_4	5	24.000	24.000	0.000	54	0.117	6.405
j1061_5	5	27.000	27.000	0.000	39	0.192	7.572
j1061_6	5	36.000	36.000	0.000	188	0.177	33.342
j1061_7	5	19.000	19.000	0.000	21	0.108	2.331
j1061_8	5	28.000	28.000	0.000	34	0.165	5.707
j1061_9	5	31.000	31.000	0.000	81	0.147	11.982
j1061_10	5	54.000	54.000	0.000	748	0.587	439.384
j1062_1	5	19.000	19.000	0.000	12	0.073	0.955
j1062_2	5	30.000	30.000	0.000	58	0.150	8.764
j1062_3	5	18.000	18.000	0.000	23	0.191	4.460
j1062_4	5	18.000	18.000	0.000	28	0.119	3.406
j1062_5	5	30.000	30.000	0.000	31	0.103	3.278
j1062_6	5	30.000	30.000	0.000	70	0.141	9.943
j1062_7	5	13.000	13.000	0.000	4	0.046	0.271
j1062_8	5	17.000	17.000	0.000	16	0.094	1.607
j1062_9	5	23.000	23.000	0.000	26	0.129	3.437
j1062_10	5	27.000	27.000	0.000	29	0.143	4.205
j1063_1	5	23.000	23.000	0.000	27	0.109	3.042
j1063_2	5	27.000	27.000	0.000	106	0.133	14.192
j1063_3	5	27.000	27.000	0.000	79	0.148	11.780
j1063_4	5	19.000	19.000	0.000	15	0.091	1.460
j1063_5	5	17.000	17.000	0.000	35	0.183	6.477
j1063_6	5	22.000	22.000	0.000	14	0.138	2.009
j1063_7	5	24.000	24.000	0.000	37	0.111	4.185
j1063_8	5	12.000	12.000	0.000	10	0.073	0.817
j1063_9	5	15.000	15.000	0.000	6	0.063	0.464
j1063_10	5	14.000	14.000	0.000	22	0.103	2.350
j1064_1	5	26.000	26.000	0.000	24	0.108	2.665
j1064_2	5	23.000	23.000	0.000	39	0.151	5.953
j1064_3	5	22.000	22.000	0.000	41	0.136	5.662
j1064_4	5	21.000	21.000	0.000	11	0.055	0.697
j1064_5	5	26.000	26.000	0.000	94	0.135	12.769
j1064_6	5	18.000	18.000	0.000	23	0.146	3.438
j1064_7	5	18.000	18.000	0.000	28	0.132	3.777
j1064_8	5	22.000	22.000	0.000	19	0.114	2.262
j1064_9	5	28.000	28.000	0.000	30	0.119	3.631
j1064_10	5	23.000	23.000	0.000	52	0.112	5.912
