instance	Gamma	objval	objbound	gap	runtime
j203_2	15	29.000	29.000	0.000	29.430
j203_5	15	19.000	19.000	0.000	23.654
j205_7	15	50.000	36.396	0.272	7200.007
j206_3	15	34.000	34.000	0.000	752.321
j207_3	15	35.000	35.000	0.000	44.614
j209_1	15	44.000	44.000	0.000	961.658
j209_2	15	35.000	35.000	0.000	1101.792
j209_3	15	33.000	33.000	0.000	3978.241
j209_5	15	55.000	55.000	0.000	3151.874
j209_6	15	39.000	39.000	0.000	206.413
j209_7	15	47.000	47.000	0.000	1282.752
j209_8	15	26.000	26.000	0.000	95.051
j209_9	15	31.000	31.000	0.000	31.095
j209_10	15	34.000	34.000	0.000	770.474
j2010_1	15	28.000	28.000	0.000	34.791
j2010_2	15	37.000	37.000	0.000	33.754
j2010_3	15	31.000	31.000	0.000	41.588
j2010_4	15	29.000	29.000	0.000	23.334
j2010_5	15	33.000	33.000	0.000	127.230
j2010_6	15	40.000	40.000	0.000	87.835
j2010_7	15	34.000	34.000	0.000	221.465
j2010_8	15	27.000	27.000	0.000	42.551
j2010_9	15	33.000	33.000	0.000	144.203
j2010_10	15	44.000	44.000	0.000	18.566
j2011_1	15	33.000	33.000	0.000	20.791
j2011_2	15	28.000	28.000	0.000	26.706
j2011_3	15	40.000	40.000	0.000	17.131
j2011_4	15	47.000	47.000	0.000	63.991
j2011_5	15	34.000	34.000	0.000	26.529
j2011_6	15	50.000	50.000	0.000	70.911
j2011_7	15	36.000	36.000	0.000	71.122
j2011_8	15	30.000	30.000	0.000	22.545
j2011_9	15	32.000	32.000	0.000	23.884
j2011_10	15	41.000	41.000	0.000	21.523
j2012_1	15	29.000	29.000	0.000	10.705
j2012_2	15	31.000	31.000	0.000	26.938
j2012_3	15	55.000	55.000	0.000	30.940
j2012_4	15	28.000	28.000	0.000	25.384
j2012_5	15	36.000	36.000	0.000	17.838
j2012_6	15	31.000	31.000	0.000	25.433
j2012_7	15	32.000	32.000	0.000	17.196
j2012_8	15	45.000	45.000	0.000	34.565
j2012_9	15	49.000	49.000	0.000	28.802
j2012_10	15	32.000	32.000	0.000	23.344
j2013_1	15	40.000	30.000	0.250	7200.013
j2013_2	15	56.000	42.000	0.250	7200.016
j2013_3	15	78.000	55.000	0.295	7200.005
j2013_4	15	63.000	54.200	0.140	7200.005
j2013_5	15	53.000	35.139	0.337	7200.024
j2013_6	15	58.000	51.000	0.121	7200.016
j2013_7	15	64.000	34.000	0.469	7200.003
j2013_8	15	51.000	35.283	0.308	7200.011
j2013_9	15	61.000	40.186	0.341	7200.024
j2013_10	15	65.000	42.740	0.342	7200.020
j2014_1	15	38.000	38.000	0.000	717.445
j2014_2	15	39.000	39.000	0.000	293.898
j2014_3	15	34.000	34.000	0.000	1250.053
j2014_4	15	46.000	37.255	0.190	7200.005
j2014_5	15	47.000	46.000	0.021	7200.010
j2014_6	15	30.000	29.000	0.033	7200.029
j2014_7	15	45.000	45.000	0.000	173.556
j2014_8	15	41.000	37.000	0.098	7200.023
j2014_9	15	41.000	41.000	0.000	559.371
j2014_10	15	38.000	38.000	0.000	96.898
j2015_1	15	40.000	40.000	0.000	33.366
j2015_2	15	39.000	39.000	0.000	27.678
j2015_3	15	40.000	40.000	0.000	33.656
j2015_4	15	43.000	43.000	0.000	19.513
j2015_5	15	38.000	38.000	0.000	38.781
j2015_6	15	30.000	30.000	0.000	20.356
j2015_7	15	43.000	43.000	0.000	24.284
j2015_8	15	35.000	35.000	0.000	239.513
j2015_9	15	32.000	32.000	0.000	39.003
j2015_10	15	37.000	37.000	0.000	27.368
j2016_1	15	37.000	37.000	0.000	21.857
j2016_2	15	36.000	36.000	0.000	21.801
j2016_3	15	50.000	50.000	0.000	11.836
j2016_4	15	58.000	58.000	0.000	26.133
j2016_5	15	31.000	31.000	0.000	55.543
j2016_6	15	58.000	58.000	0.000	19.791
j2016_7	15	39.000	39.000	0.000	19.331
j2016_8	15	42.000	42.000	0.000	45.321
j2016_9	15	29.000	29.000	0.000	21.434
j2016_10	15	62.000	62.000	0.000	27.843
j2017_1	15	26.000	26.000	0.000	3854.369
j2017_2	15	58.000	45.000	0.224	7200.005
j2017_3	15	51.000	51.000	0.000	127.804
j2017_4	15	48.000	48.000	0.000	920.441
j2017_5	15	29.000	29.000	0.000	712.509
j2017_6	15	57.000	57.000	0.000	2312.699
j2017_7	15	42.000	42.000	0.000	727.122
j2017_8	15	44.000	44.000	0.000	56.543
j2017_9	15	27.000	27.000	0.000	1025.434
j2017_10	15	44.000	44.000	0.000	4513.599
j2018_1	15	48.000	48.000	0.000	21.567
j2018_2	15	42.000	42.000	0.000	24.309
j2018_3	15	31.000	31.000	0.000	115.682
j2018_4	15	34.000	34.000	0.000	128.527
j2018_5	15	36.000	36.000	0.000	36.871
j2018_6	15	34.000	34.000	0.000	48.506
j2018_7	15	40.000	40.000	0.000	30.491
j2018_8	15	46.000	46.000	0.000	33.614
j2018_9	15	33.000	33.000	0.000	76.686
j2018_10	15	40.000	40.000	0.000	41.713
j2019_1	15	40.000	40.000	0.000	45.383
j2019_2	15	31.000	31.000	0.000	32.902
j2019_3	15	43.000	43.000	0.000	32.397
j2019_4	15	30.000	30.000	0.000	25.706
j2019_5	15	36.000	36.000	0.000	38.584
j2019_6	15	57.000	57.000	0.000	24.295
j2019_7	15	46.000	46.000	0.000	33.260
j2019_8	15	33.000	33.000	0.000	24.481
j2019_9	15	30.000	30.000	0.000	24.636
j2019_10	15	53.000	53.000	0.000	87.944
j2020_1	15	39.000	39.000	0.000	15.093
j2020_2	15	45.000	45.000	0.000	10.345
j2020_3	15	33.000	33.000	0.000	11.069
j2020_4	15	36.000	36.000	0.000	20.483
j2020_5	15	32.000	32.000	0.000	22.003
j2020_6	15	33.000	33.000	0.000	20.887
j2020_7	15	39.000	39.000	0.000	24.993
j2020_8	15	26.000	26.000	0.000	9.927
j2020_9	15	54.000	54.000	0.000	21.559
j2020_10	15	33.000	33.000	0.000	17.214
j2021_1	15	51.000	43.000	0.157	7200.026
j2021_2	15	73.000	57.000	0.219	7200.007
j2021_3	15	52.000	50.000	0.038	7200.024
j2021_4	15	64.000	56.000	0.125	7200.025
j2021_5	15	50.000	46.000	0.080	7200.009
j2021_6	15	38.000	37.999	0.000	4669.056
j2021_7	15	50.000	42.000	0.160	7200.007
j2021_8	15	55.000	42.000	0.236	7200.018
j2021_9	15	54.000	42.000	0.222	7200.004
j2021_10	15	52.000	32.000	0.385	7200.005
j2022_1	15	42.000	42.000	0.000	64.411
j2022_2	15	48.000	48.000	0.000	232.546
j2022_3	15	37.000	37.000	0.000	6576.666
j2022_4	15	42.000	36.000	0.143	7200.020
j2022_5	15	37.000	32.000	0.135	7200.009
j2022_6	15	39.000	39.000	0.000	72.368
j2022_7	15	33.000	33.000	0.000	3659.109
j2022_8	15	54.000	54.000	0.000	724.843
j2022_9	15	33.000	33.000	0.000	284.237
j2022_10	15	47.000	47.000	0.000	119.125
j2023_1	15	40.000	40.000	0.000	86.557
j2023_2	15	36.000	36.000	0.000	116.888
j2023_3	15	45.000	45.000	0.000	28.354
j2023_4	15	40.000	40.000	0.000	34.608
j2023_5	15	35.000	35.000	0.000	34.979
j2023_6	15	35.000	35.000	0.000	352.928
j2023_7	15	30.000	30.000	0.000	32.607
j2023_8	15	29.000	29.000	0.000	59.837
j2023_9	15	27.000	27.000	0.000	335.006
j2023_10	15	41.000	41.000	0.000	26.906
j2024_1	15	43.000	43.000	0.000	26.582
j2024_2	15	50.000	50.000	0.000	85.724
j2024_3	15	26.000	26.000	0.000	21.384
j2024_4	15	42.000	42.000	0.000	30.898
j2024_5	15	51.000	51.000	0.000	21.185
j2024_6	15	22.000	22.000	0.000	25.949
j2024_7	15	29.000	29.000	0.000	27.478
j2024_8	15	44.000	44.000	0.000	26.624
j2024_9	15	38.000	38.000	0.000	19.541
j2024_10	15	29.000	29.000	0.000	20.478
j2025_1	15	60.000	56.000	0.067	7200.052
j2025_2	15	32.000	32.000	0.000	496.789
j2025_3	15	33.000	33.000	0.000	182.080
j2025_4	15	39.000	39.000	0.000	1668.221
j2025_5	15	47.000	47.000	0.000	517.454
j2025_6	15	40.000	40.000	0.000	37.109
j2025_7	15	40.000	40.000	0.000	204.132
j2025_8	15	27.000	27.000	0.000	136.683
j2025_9	15	37.000	37.000	0.000	2137.285
j2025_10	15	50.000	50.000	0.000	6961.256
j2026_1	15	34.000	34.000	0.000	30.703
j2026_2	15	33.000	33.000	0.000	186.265
j2026_3	15	42.000	42.000	0.000	37.990
j2026_4	15	35.000	35.000	0.000	110.608
j2026_5	15	42.000	42.000	0.000	37.205
j2026_6	15	38.000	38.000	0.000	129.861
j2026_7	15	23.000	23.000	0.000	87.633
j2026_8	15	50.000	50.000	0.000	27.192
j2026_9	15	34.000	34.000	0.000	93.253
j2026_10	15	70.000	70.000	0.000	1026.397
j2027_1	15	26.000	26.000	0.000	35.541
j2027_2	15	35.000	35.000	0.000	36.970
j2027_3	15	35.000	35.000	0.000	37.454
j2027_4	15	41.000	41.000	0.000	28.988
j2027_5	15	42.000	42.000	0.000	28.938
j2027_6	15	34.000	34.000	0.000	28.921
j2027_7	15	42.000	42.000	0.000	17.602
j2027_8	15	34.000	34.000	0.000	18.262
j2027_9	15	35.000	35.000	0.000	24.405
j2027_10	15	33.000	33.000	0.000	11.734
j2028_1	15	34.000	34.000	0.000	24.470
j2028_2	15	37.000	37.000	0.000	26.269
j2028_3	15	29.000	29.000	0.000	23.765
j2028_4	15	33.000	33.000	0.000	23.591
j2028_5	15	42.000	42.000	0.000	26.594
j2028_6	15	27.000	27.000	0.000	25.376
j2028_7	15	38.000	38.000	0.000	19.363
j2028_8	15	28.000	28.000	0.000	39.023
j2028_9	15	30.000	30.000	0.000	10.792
j2028_10	15	39.000	39.000	0.000	26.126
j2029_1	15	57.000	41.003	0.281	7200.013
j2029_2	15	42.000	36.000	0.143	7200.006
j2029_3	15	56.000	44.000	0.214	7200.009
j2029_4	15	56.000	34.000	0.393	7200.004
j2029_5	15	45.000	31.000	0.311	7200.019
j2029_6	15	68.000	43.000	0.368	7200.006
j2029_7	15	64.000	42.000	0.344	7200.005
j2029_8	15	46.000	35.000	0.239	7200.004
j2029_9	15	66.000	39.000	0.409	7200.012
j2029_10	15	52.000	36.000	0.308	7200.009
j2030_1	15	45.000	45.000	0.000	61.034
j2030_2	15	29.000	29.000	0.000	1515.316
j2030_3	15	39.000	39.000	0.000	3003.822
j2030_4	15	49.000	49.000	0.000	926.257
j2030_5	15	42.000	36.000	0.143	7200.023
j2030_6	15	54.000	53.998	0.000	327.288
j2030_7	15	55.000	55.000	0.000	423.298
j2030_8	15	37.000	37.000	0.000	255.022
j2030_9	15	47.000	47.000	0.000	844.875
j2030_10	15	47.000	47.000	0.000	499.693
j2031_1	15	40.000	40.000	0.000	36.073
j2031_2	15	41.000	41.000	0.000	1065.165
j2031_3	15	34.000	34.000	0.000	72.719
j2031_4	15	41.000	41.000	0.000	319.405
j2031_5	15	27.000	27.000	0.000	36.069
j2031_6	15	37.000	37.000	0.000	174.795
j2031_7	15	32.000	32.000	0.000	1461.328
j2031_8	15	38.000	38.000	0.000	31.756
j2031_9	15	51.000	51.000	0.000	183.461
j2031_10	15	48.000	48.000	0.000	119.475
j2032_1	15	33.000	33.000	0.000	135.711
j2032_2	15	26.000	26.000	0.000	25.994
j2032_3	15	42.000	42.000	0.000	27.474
j2032_4	15	28.000	28.000	0.000	28.612
j2032_5	15	33.000	33.000	0.000	24.173
j2032_6	15	34.000	34.000	0.000	26.572
j2032_7	15	29.000	29.000	0.000	35.631
j2032_8	15	44.000	44.000	0.000	19.458
j2032_9	15	51.000	51.000	0.000	22.864
j2032_10	15	31.000	31.000	0.000	25.716
j2033_1	15	37.000	37.000	0.000	782.529
j2033_2	15	39.000	38.999	0.000	1142.584
j2033_3	15	67.000	36.000	0.463	7200.012
j2033_4	15	29.000	29.000	0.000	1269.115
j2033_5	15	70.000	59.000	0.157	7200.004
j2033_6	15	27.000	27.000	0.000	701.903
j2033_7	15	40.000	40.000	0.000	58.588
j2033_8	15	49.000	49.000	0.000	2470.054
j2033_9	15	49.000	49.000	0.000	40.642
j2033_10	15	62.000	56.000	0.097	7200.007
j2034_1	15	54.000	54.000	0.000	30.533
j2034_2	15	29.000	29.000	0.000	63.476
j2034_3	15	48.000	48.000	0.000	158.051
j2034_4	15	34.000	34.000	0.000	61.253
j2034_5	15	37.000	37.000	0.000	87.923
j2034_6	15	41.000	41.000	0.000	66.440
j2034_7	15	41.000	41.000	0.000	33.197
j2034_8	15	25.000	25.000	0.000	34.512
j2034_9	15	36.000	36.000	0.000	49.204
j2034_10	15	44.000	44.000	0.000	24.557
j2035_1	15	47.000	47.000	0.000	22.208
j2035_2	15	24.000	24.000	0.000	23.612
j2035_3	15	36.000	36.000	0.000	20.793
j2035_4	15	37.000	37.000	0.000	24.098
j2035_5	15	38.000	38.000	0.000	28.731
j2035_6	15	40.000	40.000	0.000	23.996
j2035_7	15	26.000	26.000	0.000	22.952
j2035_8	15	33.000	33.000	0.000	30.398
j2035_9	15	44.000	44.000	0.000	24.308
j2035_10	15	36.000	36.000	0.000	22.079
j2037_1	15	59.000	43.000	0.271	7200.006
j2037_2	15	45.000	33.000	0.267	7200.003
j2037_3	15	48.000	34.000	0.292	7200.060
j2037_4	15	50.000	42.000	0.160	7200.009
j2037_5	15	69.000	46.000	0.333	7200.003
j2037_6	15	48.000	31.068	0.353	7200.006
j2037_7	15	52.000	30.000	0.423	7200.016
j2037_8	15	41.000	33.000	0.195	7200.007
j2037_9	15	43.000	31.000	0.279	7200.004
j2037_10	15	49.000	35.327	0.279	7200.020
j2038_1	15	34.000	34.000	0.000	326.314
j2038_2	15	41.000	39.000	0.049	7200.009
j2038_3	15	34.000	34.000	0.000	861.571
j2038_4	15	51.000	51.000	0.000	5147.061
j2038_5	15	53.000	53.000	0.000	340.472
j2038_6	15	45.000	45.000	0.000	62.126
j2038_7	15	44.000	40.000	0.091	7200.011
j2038_8	15	50.000	50.000	0.000	163.613
j2038_9	15	53.000	53.000	0.000	167.776
j2038_10	15	48.000	48.000	0.000	1129.909
j2039_1	15	48.000	48.000	0.000	121.987
j2039_2	15	48.000	48.000	0.000	28.046
j2039_3	15	39.000	39.000	0.000	19.276
j2039_4	15	45.000	45.000	0.000	37.707
j2039_5	15	41.000	41.000	0.000	32.660
j2039_6	15	62.000	62.000	0.000	30.784
j2039_7	15	36.000	36.000	0.000	30.747
j2039_8	15	35.000	35.000	0.000	64.040
j2039_9	15	31.000	31.000	0.000	44.985
j2039_10	15	29.000	29.000	0.000	39.285
j2040_1	15	38.000	38.000	0.000	35.318
j2040_2	15	27.000	27.000	0.000	31.226
j2040_3	15	48.000	48.000	0.000	127.318
j2040_4	15	44.000	44.000	0.000	39.844
j2040_5	15	47.000	47.000	0.000	46.677
j2040_6	15	30.000	30.000	0.000	25.829
j2040_7	15	43.000	43.000	0.000	29.567
j2040_8	15	40.000	39.999	0.000	36.220
j2040_9	15	41.000	41.000	0.000	37.169
j2040_10	15	38.000	38.000	0.000	61.002
j2041_1	15	56.000	46.000	0.179	7200.042
j2041_2	15	43.000	36.000	0.163	7200.008
j2041_3	15	35.000	35.000	0.000	914.462
j2041_4	15	47.000	47.000	0.000	2998.327
j2041_5	15	42.000	42.000	0.000	245.495
j2041_6	15	53.000	37.917	0.285	7200.015
j2041_7	15	32.000	32.000	0.000	479.494
j2041_8	15	38.000	38.000	0.000	4093.970
j2041_9	15	40.000	29.118	0.272	7200.004
j2041_10	15	42.000	42.000	0.000	333.744
j2042_1	15	25.000	25.000	0.000	39.044
j2042_2	15	36.000	36.000	0.000	24.498
j2042_3	15	43.000	43.000	0.000	33.350
j2042_4	15	58.000	58.000	0.000	29.356
j2042_5	15	32.000	32.000	0.000	53.431
j2042_6	15	53.000	53.000	0.000	110.234
j2042_7	15	43.000	43.000	0.000	14.376
j2042_8	15	45.000	45.000	0.000	93.829
j2042_9	15	46.000	46.000	0.000	27.251
j2042_10	15	30.000	30.000	0.000	62.876
j2043_1	15	52.000	52.000	0.000	20.202
j2043_2	15	39.000	39.000	0.000	19.793
j2043_3	15	42.000	42.000	0.000	20.233
j2043_4	15	26.000	26.000	0.000	28.317
j2043_5	15	42.000	42.000	0.000	38.573
j2043_6	15	42.000	42.000	0.000	37.856
j2043_7	15	27.000	27.000	0.000	29.722
j2043_8	15	39.000	39.000	0.000	17.874
j2043_9	15	36.000	36.000	0.000	22.411
j2043_10	15	39.000	39.000	0.000	18.358
j2044_1	15	29.000	29.000	0.000	25.038
j2044_2	15	38.000	38.000	0.000	17.834
j2044_3	15	43.000	43.000	0.000	19.904
j2044_4	15	40.000	40.000	0.000	24.137
j2044_5	15	41.000	41.000	0.000	26.226
j2044_6	15	35.000	35.000	0.000	20.030
j2044_7	15	42.000	42.000	0.000	19.137
j2044_8	15	34.000	34.000	0.000	18.418
j2044_9	15	46.000	46.000	0.000	11.841
j2044_10	15	41.000	41.000	0.000	23.110
j2045_1	15	46.000	29.000	0.370	7200.005
j2045_2	15	54.000	44.000	0.185	7200.004
j2045_3	15	60.000	38.000	0.367	7200.007
j2045_4	15	44.000	29.859	0.321	7200.076
j2045_5	15	55.000	39.045	0.290	7200.011
j2045_6	15	56.000	56.000	0.000	3125.346
j2045_7	15	40.000	27.000	0.325	7200.011
j2045_8	15	50.000	37.000	0.260	7200.003
j2045_9	15	59.000	56.000	0.051	7200.023
j2045_10	15	47.000	34.500	0.266	7200.015
j2046_1	15	46.000	46.000	0.000	1255.074
j2046_2	15	45.000	45.000	0.000	207.395
j2046_3	15	40.000	39.000	0.025	7200.018
j2046_4	15	42.000	42.000	0.000	779.617
j2046_5	15	36.000	36.000	0.000	208.768
j2046_6	15	45.000	45.000	0.000	973.407
j2046_7	15	37.000	35.000	0.054	7200.005
j2046_8	15	38.000	38.000	0.000	336.386
j2046_9	15	41.000	41.000	0.000	116.165
j2046_10	15	47.000	47.000	0.000	34.595
j2047_1	15	32.000	32.000	0.000	29.811
j2047_2	15	30.000	30.000	0.000	17.686
j2047_3	15	31.000	31.000	0.000	28.390
j2047_4	15	34.000	34.000	0.000	26.100
j2047_5	15	33.000	33.000	0.000	29.296
j2047_6	15	34.000	34.000	0.000	43.735
j2047_7	15	44.000	44.000	0.000	32.742
j2047_8	15	29.000	29.000	0.000	24.457
j2047_9	15	58.000	58.000	0.000	23.646
j2047_10	15	42.000	42.000	0.000	417.007
j2048_1	15	32.000	32.000	0.000	33.825
j2048_2	15	37.000	37.000	0.000	30.733
j2048_3	15	32.000	32.000	0.000	18.142
j2048_4	15	24.000	24.000	0.000	31.068
j2048_5	15	24.000	24.000	0.000	15.985
j2048_6	15	46.000	46.000	0.000	23.805
j2048_7	15	41.000	41.000	0.000	16.324
j2048_8	15	32.000	32.000	0.000	18.905
j2048_9	15	36.000	36.000	0.000	23.557
j2048_10	15	45.000	45.000	0.000	34.523
j2049_1	15	39.000	26.000	0.333	7200.005
j2049_2	15	57.000	47.000	0.175	7200.026
j2049_3	15	34.000	34.000	0.000	1213.528
j2049_4	15	62.000	42.000	0.323	7200.004
j2049_5	15	34.000	34.000	0.000	88.431
j2049_6	15	42.000	42.000	0.000	681.542
j2049_7	15	52.000	52.000	0.000	1357.592
j2049_8	15	34.000	34.000	0.000	776.912
j2049_9	15	32.000	32.000	0.000	1198.012
j2049_10	15	48.000	41.000	0.146	7200.011
j2050_1	15	44.000	44.000	0.000	96.553
j2050_2	15	35.000	35.000	0.000	23.073
j2050_3	15	36.000	36.000	0.000	26.361
j2050_4	15	27.000	27.000	0.000	69.664
j2050_5	15	46.000	46.000	0.000	15.539
j2050_6	15	34.000	34.000	0.000	46.254
j2050_7	15	24.000	24.000	0.000	32.142
j2050_8	15	38.000	38.000	0.000	22.260
j2050_9	15	44.000	44.000	0.000	33.244
j2050_10	15	45.000	45.000	0.000	33.427
j2051_1	15	28.000	28.000	0.000	31.263
j2051_2	15	40.000	40.000	0.000	33.752
j2051_3	15	27.000	27.000	0.000	28.317
j2051_4	15	34.000	34.000	0.000	44.574
j2051_5	15	44.000	44.000	0.000	23.468
j2051_6	15	34.000	34.000	0.000	22.135
j2051_7	15	29.000	29.000	0.000	4.484
j2051_8	15	39.000	39.000	0.000	26.208
j2051_9	15	35.000	35.000	0.000	24.903
j2051_10	15	33.000	33.000	0.000	27.745
j2052_1	15	29.000	29.000	0.000	28.477
j2052_2	15	36.000	36.000	0.000	25.075
j2052_3	15	38.000	38.000	0.000	23.356
j2052_4	15	33.000	33.000	0.000	22.461
j2052_5	15	33.000	33.000	0.000	21.085
j2052_6	15	31.000	31.000	0.000	25.668
j2052_7	15	39.000	39.000	0.000	23.364
j2052_8	15	44.000	44.000	0.000	10.895
j2052_9	15	29.000	29.000	0.000	16.646
j2052_10	15	40.000	40.000	0.000	16.299
j2053_1	15	43.000	32.000	0.256	7200.004
j2053_2	15	78.000	54.189	0.305	7200.006
j2053_3	15	58.000	39.000	0.328	7200.008
j2053_4	15	45.000	28.038	0.377	7200.015
j2053_5	15	46.000	34.114	0.258	7200.005
j2053_6	15	47.000	29.381	0.375	7200.055
j2053_7	15	53.000	45.000	0.151	7200.021
j2053_8	15	59.000	46.000	0.220	7200.046
j2053_9	15	50.000	38.000	0.240	7200.007
j2053_10	15	51.000	42.000	0.176	7200.005
j2054_1	15	44.000	44.000	0.000	30.234
j2054_2	15	31.000	31.000	0.000	430.879
j2054_3	15	38.000	38.000	0.000	718.892
j2054_4	15	44.000	44.000	0.000	366.126
j2054_5	15	37.000	37.000	0.000	165.533
j2054_6	15	49.000	44.000	0.102	7200.005
j2054_7	15	39.000	39.000	0.000	86.344
j2054_8	15	38.000	35.000	0.079	7200.009
j2054_9	15	40.000	40.000	0.000	82.048
j2054_10	15	31.000	31.000	0.000	418.904
j2055_1	15	38.000	38.000	0.000	34.081
j2055_2	15	32.000	32.000	0.000	114.575
j2055_3	15	39.000	39.000	0.000	37.711
j2055_4	15	40.000	40.000	0.000	30.792
j2055_5	15	30.000	30.000	0.000	33.511
j2055_6	15	41.000	41.000	0.000	36.892
j2055_7	15	39.000	39.000	0.000	24.962
j2055_8	15	37.000	37.000	0.000	39.630
j2055_9	15	30.000	30.000	0.000	23.893
j2055_10	15	44.000	44.000	0.000	24.764
j2056_1	15	38.000	38.000	0.000	27.486
j2056_2	15	44.000	44.000	0.000	21.847
j2056_3	15	38.000	38.000	0.000	20.572
j2056_4	15	35.000	35.000	0.000	26.867
j2056_5	15	31.000	31.000	0.000	28.358
j2056_6	15	33.000	33.000	0.000	21.453
j2056_7	15	38.000	38.000	0.000	22.927
j2056_8	15	40.000	40.000	0.000	18.345
j2056_9	15	36.000	36.000	0.000	16.533
j2056_10	15	32.000	32.000	0.000	20.241
j2057_1	15	33.000	33.000	0.000	2104.640
j2057_2	15	31.000	31.000	0.000	145.637
j2057_3	15	32.000	32.000	0.000	391.027
j2057_4	15	57.000	57.000	0.000	3143.504
j2057_5	15	36.000	36.000	0.000	526.036
j2057_6	15	30.000	30.000	0.000	423.847
j2057_7	15	41.000	41.000	0.000	1079.827
j2057_8	15	53.000	51.000	0.038	7200.004
j2057_9	15	45.000	45.000	0.000	1334.444
j2057_10	15	56.000	56.000	0.000	613.679
j2058_1	15	60.000	60.000	0.000	29.283
j2058_2	15	40.000	40.000	0.000	19.890
j2058_3	15	46.000	46.000	0.000	25.072
j2058_4	15	35.000	35.000	0.000	25.201
j2058_5	15	31.000	31.000	0.000	104.845
j2058_6	15	30.000	30.000	0.000	25.940
j2058_7	15	45.000	45.000	0.000	38.434
j2058_8	15	43.000	43.000	0.000	89.206
j2058_9	15	24.000	24.000	0.000	25.887
j2058_10	15	36.000	36.000	0.000	30.637
j2059_1	15	41.000	41.000	0.000	28.151
j2059_2	15	40.000	40.000	0.000	21.703
j2059_3	15	39.000	39.000	0.000	22.883
j2059_4	15	33.000	33.000	0.000	17.298
j2059_5	15	47.000	47.000	0.000	24.116
j2059_6	15	52.000	52.000	0.000	19.209
j2059_7	15	29.000	29.000	0.000	20.666
j2059_8	15	35.000	35.000	0.000	26.218
j2059_9	15	43.000	43.000	0.000	24.819
j2059_10	15	42.000	42.000	0.000	13.591
j2060_1	15	28.000	28.000	0.000	19.401
j2060_2	15	34.000	34.000	0.000	20.368
j2060_3	15	37.000	37.000	0.000	19.586
j2060_4	15	38.000	38.000	0.000	17.289
j2060_5	15	33.000	33.000	0.000	18.219
j2060_6	15	36.000	36.000	0.000	30.132
j2060_7	15	45.000	45.000	0.000	21.227
j2060_8	15	25.000	25.000	0.000	18.977
j2060_9	15	31.000	31.000	0.000	22.355
j2060_10	15	48.000	48.000	0.000	11.898
j2061_1	15	60.000	47.119	0.215	7200.004
j2061_2	15	56.000	45.000	0.196	7200.005
j2061_3	15	48.000	36.000	0.250	7200.010
j2061_4	15	41.000	33.000	0.195	7200.024
j2061_5	15	37.000	28.000	0.243	7200.004
j2061_6	15	53.000	37.000	0.302	7200.026
j2061_7	15	58.000	41.189	0.290	7200.020
j2061_8	15	51.000	37.000	0.275	7200.004
j2061_9	15	50.000	40.000	0.200	7200.006
j2061_10	15	47.000	34.000	0.277	7200.003
j2062_1	15	45.000	45.000	0.000	1053.452
j2062_2	15	42.000	42.000	0.000	3563.707
j2062_3	15	51.000	49.000	0.039	7200.019
j2062_4	15	35.000	35.000	0.000	4381.144
j2062_5	15	30.000	30.000	0.000	806.205
j2062_6	15	28.000	28.000	0.000	46.926
j2062_7	15	36.000	36.000	0.000	216.337
j2062_8	15	28.000	28.000	0.000	134.661
j2062_9	15	35.000	35.000	0.000	4225.023
j2062_10	15	40.000	40.000	0.000	220.797
j2063_1	15	43.000	43.000	0.000	35.820
j2063_2	15	40.000	40.000	0.000	71.660
j2063_3	15	48.000	48.000	0.000	23.102
j2063_4	15	43.000	43.000	0.000	23.857
j2063_5	15	54.000	54.000	0.000	60.005
j2063_6	15	45.000	45.000	0.000	17.697
j2063_7	15	57.000	57.000	0.000	43.041
j2063_8	15	34.000	34.000	0.000	16.520
j2063_9	15	31.000	31.000	0.000	181.642
j2063_10	15	22.000	22.000	0.000	40.541
j2064_1	15	32.000	32.000	0.000	16.658
j2064_2	15	37.000	37.000	0.000	25.095
j2064_3	15	37.000	37.000	0.000	26.152
j2064_4	15	28.000	28.000	0.000	29.939
j2064_5	15	41.000	41.000	0.000	21.000
j2064_6	15	30.000	30.000	0.000	20.614
j2064_7	15	29.000	29.000	0.000	23.043
j2064_8	15	56.000	56.000	0.000	27.981
j2064_9	15	28.000	28.000	0.000	18.339
j2064_10	15	34.000	34.000	0.000	23.933
