instance	Gamma	objval	objbound	gap	runtime
j203_2	15	29.000	29.000	0.000	75.917
j203_5	15	19.000	19.000	0.000	15.379
j205_7	15	52.000	40.053	0.230	7200.005
j206_3	15	34.000	34.000	0.000	138.533
j207_3	15	35.000	35.000	0.000	64.035
j209_1	15	44.000	44.000	0.000	155.005
j209_2	15	35.000	35.000	0.000	326.747
j209_3	15	33.000	33.000	0.000	2964.952
j209_5	15	55.000	55.000	0.000	694.436
j209_6	15	39.000	39.000	0.000	54.782
j209_7	15	47.000	47.000	0.000	347.393
j209_8	15	26.000	26.000	0.000	89.872
j209_9	15	31.000	31.000	0.000	18.850
j209_10	15	34.000	34.000	0.000	132.281
j2010_1	15	28.000	28.000	0.000	21.685
j2010_2	15	37.000	37.000	0.000	22.528
j2010_3	15	31.000	31.000	0.000	15.913
j2010_4	15	29.000	29.000	0.000	18.733
j2010_5	15	33.000	33.000	0.000	27.379
j2010_6	15	40.000	40.000	0.000	15.832
j2010_7	15	34.000	34.000	0.000	55.560
j2010_8	15	27.000	27.000	0.000	14.161
j2010_9	15	33.000	33.000	0.000	65.176
j2010_10	15	44.000	44.000	0.000	39.355
j2011_1	15	33.000	33.000	0.000	11.452
j2011_2	15	28.000	28.000	0.000	15.066
j2011_3	15	40.000	40.000	0.000	18.755
j2011_4	15	47.000	47.000	0.000	80.912
j2011_5	15	34.000	34.000	0.000	16.623
j2011_6	15	50.000	50.000	0.000	55.762
j2011_7	15	36.000	36.000	0.000	28.411
j2011_8	15	30.000	30.000	0.000	13.095
j2011_9	15	32.000	32.000	0.000	15.456
j2011_10	15	41.000	41.000	0.000	5.617
j2012_1	15	29.000	29.000	0.000	12.871
j2012_2	15	31.000	31.000	0.000	5.341
j2012_3	15	55.000	55.000	0.000	13.553
j2012_4	15	28.000	28.000	0.000	5.542
j2012_5	15	36.000	36.000	0.000	12.813
j2012_6	15	31.000	31.000	0.000	19.967
j2012_7	15	32.000	32.000	0.000	16.201
j2012_8	15	45.000	45.000	0.000	13.702
j2012_9	15	49.000	49.000	0.000	18.250
j2012_10	15	32.000	32.000	0.000	17.922
j2013_1	15	38.000	30.000	0.211	7200.004
j2013_2	15	56.000	46.779	0.165	7200.004
j2013_3	15	73.000	55.000	0.247	7200.021
j2013_4	15	62.000	57.000	0.081	7200.028
j2013_5	15	53.000	36.420	0.313	7200.028
j2013_6	15	58.000	58.000	0.000	2053.172
j2013_7	15	59.000	40.357	0.316	7200.011
j2013_8	15	51.000	37.000	0.275	7200.007
j2013_9	15	59.000	47.329	0.198	7200.013
j2013_10	15	64.000	44.157	0.310	7200.004
j2014_1	15	38.000	38.000	0.000	986.772
j2014_2	15	39.000	39.000	0.000	195.711
j2014_3	15	34.000	34.000	0.000	244.363
j2014_4	15	45.000	45.000	0.000	3016.405
j2014_5	15	47.000	47.000	0.000	1507.964
j2014_6	15	30.000	30.000	0.000	2265.122
j2014_7	15	45.000	45.000	0.000	42.573
j2014_8	15	41.000	41.000	0.000	6630.555
j2014_9	15	41.000	41.000	0.000	210.857
j2014_10	15	38.000	38.000	0.000	68.048
j2015_1	15	40.000	40.000	0.000	24.078
j2015_2	15	39.000	39.000	0.000	33.772
j2015_3	15	40.000	40.000	0.000	42.466
j2015_4	15	43.000	43.000	0.000	26.998
j2015_5	15	38.000	38.000	0.000	20.002
j2015_6	15	30.000	30.000	0.000	23.395
j2015_7	15	43.000	43.000	0.000	16.354
j2015_8	15	35.000	35.000	0.000	59.874
j2015_9	15	32.000	32.000	0.000	17.581
j2015_10	15	37.000	37.000	0.000	16.712
j2016_1	15	37.000	37.000	0.000	17.939
j2016_2	15	36.000	36.000	0.000	23.409
j2016_3	15	50.000	50.000	0.000	16.355
j2016_4	15	58.000	58.000	0.000	14.329
j2016_5	15	31.000	31.000	0.000	19.993
j2016_6	15	58.000	58.000	0.000	17.321
j2016_7	15	39.000	39.000	0.000	11.132
j2016_8	15	42.000	42.000	0.000	21.775
j2016_9	15	29.000	29.000	0.000	26.838
j2016_10	15	62.000	62.000	0.000	18.167
j2017_1	15	26.000	25.999	0.000	999.344
j2017_2	15	58.000	50.000	0.138	7200.004
j2017_3	15	51.000	51.000	0.000	112.538
j2017_4	15	48.000	48.000	0.000	100.155
j2017_5	15	29.000	29.000	0.000	482.559
j2017_6	15	57.000	57.000	0.000	1167.116
j2017_7	15	42.000	42.000	0.000	141.621
j2017_8	15	44.000	44.000	0.000	325.699
j2017_9	15	27.000	27.000	0.000	753.118
j2017_10	15	44.000	44.000	0.000	4043.885
j2018_1	15	48.000	48.000	0.000	16.719
j2018_2	15	42.000	42.000	0.000	20.337
j2018_3	15	31.000	31.000	0.000	117.895
j2018_4	15	34.000	34.000	0.000	90.327
j2018_5	15	36.000	36.000	0.000	21.184
j2018_6	15	34.000	34.000	0.000	34.562
j2018_7	15	40.000	40.000	0.000	21.896
j2018_8	15	46.000	46.000	0.000	22.043
j2018_9	15	33.000	33.000	0.000	26.211
j2018_10	15	40.000	40.000	0.000	22.441
j2019_1	15	40.000	40.000	0.000	16.323
j2019_2	15	31.000	31.000	0.000	17.453
j2019_3	15	43.000	43.000	0.000	23.810
j2019_4	15	30.000	30.000	0.000	16.452
j2019_5	15	36.000	36.000	0.000	25.906
j2019_6	15	57.000	57.000	0.000	18.756
j2019_7	15	46.000	46.000	0.000	18.835
j2019_8	15	33.000	33.000	0.000	7.566
j2019_9	15	30.000	30.000	0.000	12.632
j2019_10	15	53.000	53.000	0.000	94.600
j2020_1	15	39.000	39.000	0.000	13.752
j2020_2	15	45.000	45.000	0.000	11.982
j2020_3	15	33.000	33.000	0.000	8.098
j2020_4	15	36.000	36.000	0.000	6.342
j2020_5	15	32.000	32.000	0.000	7.146
j2020_6	15	33.000	33.000	0.000	12.126
j2020_7	15	39.000	39.000	0.000	21.857
j2020_8	15	26.000	26.000	0.000	6.607
j2020_9	15	54.000	54.000	0.000	16.776
j2020_10	15	33.000	33.000	0.000	7.705
j2021_1	15	51.000	43.000	0.157	7200.006
j2021_2	15	73.000	57.000	0.219	7200.006
j2021_3	15	52.000	50.000	0.038	7200.064
j2021_4	15	65.000	62.000	0.046	7200.029
j2021_5	15	50.000	46.000	0.080	7200.017
j2021_6	15	38.000	38.000	0.000	3461.970
j2021_7	15	50.000	43.000	0.140	7200.008
j2021_8	15	55.000	42.400	0.229	7200.023
j2021_9	15	53.000	45.167	0.148	7200.006
j2021_10	15	46.000	36.000	0.217	7200.006
j2022_1	15	42.000	42.000	0.000	23.732
j2022_2	15	48.000	48.000	0.000	66.178
j2022_3	15	37.000	37.000	0.000	1886.908
j2022_4	15	41.000	36.038	0.121	7200.021
j2022_5	15	38.000	32.750	0.138	7200.022
j2022_6	15	39.000	39.000	0.000	18.784
j2022_7	15	33.000	33.000	0.000	1223.723
j2022_8	15	54.000	54.000	0.000	355.763
j2022_9	15	33.000	33.000	0.000	65.452
j2022_10	15	47.000	47.000	0.000	32.688
j2023_1	15	40.000	40.000	0.000	21.543
j2023_2	15	36.000	36.000	0.000	19.955
j2023_3	15	45.000	45.000	0.000	20.935
j2023_4	15	40.000	40.000	0.000	25.294
j2023_5	15	35.000	35.000	0.000	34.715
j2023_6	15	35.000	35.000	0.000	68.351
j2023_7	15	30.000	30.000	0.000	21.206
j2023_8	15	29.000	29.000	0.000	76.350
j2023_9	15	27.000	27.000	0.000	100.650
j2023_10	15	41.000	41.000	0.000	28.996
j2024_1	15	43.000	43.000	0.000	7.617
j2024_2	15	50.000	50.000	0.000	22.217
j2024_3	15	26.000	26.000	0.000	17.641
j2024_4	15	42.000	42.000	0.000	22.268
j2024_5	15	51.000	51.000	0.000	13.869
j2024_6	15	22.000	22.000	0.000	16.841
j2024_7	15	29.000	29.000	0.000	19.661
j2024_8	15	44.000	44.000	0.000	19.329
j2024_9	15	38.000	38.000	0.000	20.306
j2024_10	15	29.000	29.000	0.000	9.291
j2025_1	15	60.000	60.000	0.000	2157.659
j2025_2	15	32.000	32.000	0.000	718.356
j2025_3	15	33.000	33.000	0.000	459.566
j2025_4	15	39.000	39.000	0.000	781.474
j2025_5	15	47.000	47.000	0.000	182.490
j2025_6	15	40.000	40.000	0.000	24.165
j2025_7	15	40.000	40.000	0.000	48.284
j2025_8	15	27.000	27.000	0.000	39.303
j2025_9	15	37.000	37.000	0.000	1209.879
j2025_10	15	50.000	50.000	0.000	1138.791
j2026_1	15	34.000	34.000	0.000	16.789
j2026_2	15	33.000	33.000	0.000	97.394
j2026_3	15	42.000	42.000	0.000	28.396
j2026_4	15	35.000	35.000	0.000	51.373
j2026_5	15	42.000	42.000	0.000	18.654
j2026_6	15	38.000	38.000	0.000	112.325
j2026_7	15	23.000	23.000	0.000	85.340
j2026_8	15	50.000	50.000	0.000	16.966
j2026_9	15	34.000	34.000	0.000	30.217
j2026_10	15	70.000	70.000	0.000	155.940
j2027_1	15	26.000	26.000	0.000	20.384
j2027_2	15	35.000	35.000	0.000	11.916
j2027_3	15	35.000	35.000	0.000	18.478
j2027_4	15	41.000	41.000	0.000	19.598
j2027_5	15	42.000	42.000	0.000	20.151
j2027_6	15	34.000	34.000	0.000	15.902
j2027_7	15	42.000	42.000	0.000	10.204
j2027_8	15	34.000	34.000	0.000	13.709
j2027_9	15	35.000	35.000	0.000	14.464
j2027_10	15	33.000	33.000	0.000	7.760
j2028_1	15	34.000	34.000	0.000	6.152
j2028_2	15	37.000	37.000	0.000	10.199
j2028_3	15	29.000	29.000	0.000	10.650
j2028_4	15	33.000	33.000	0.000	12.507
j2028_5	15	42.000	42.000	0.000	6.801
j2028_6	15	27.000	27.000	0.000	14.194
j2028_7	15	38.000	38.000	0.000	18.632
j2028_8	15	28.000	28.000	0.000	29.865
j2028_9	15	30.000	30.000	0.000	2.977
j2028_10	15	39.000	39.000	0.000	16.191
j2029_1	15	58.000	42.000	0.276	7200.025
j2029_2	15	43.000	36.000	0.163	7200.007
j2029_3	15	55.000	44.000	0.200	7200.011
j2029_4	15	50.000	34.844	0.303	7200.011
j2029_5	15	44.000	31.000	0.295	7200.007
j2029_6	15	62.000	43.000	0.306	7200.028
j2029_7	15	64.000	45.000	0.297	7200.005
j2029_8	15	48.000	41.686	0.132	7200.036
j2029_9	15	61.000	39.137	0.358	7200.004
j2029_10	15	52.000	36.000	0.308	7200.005
j2030_1	15	45.000	45.000	0.000	17.364
j2030_2	15	29.000	29.000	0.000	275.120
j2030_3	15	39.000	39.000	0.000	872.979
j2030_4	15	49.000	49.000	0.000	225.791
j2030_5	15	42.000	40.000	0.048	7200.025
j2030_6	15	54.000	54.000	0.000	94.411
j2030_7	15	55.000	55.000	0.000	697.995
j2030_8	15	37.000	37.000	0.000	83.893
j2030_9	15	47.000	47.000	0.000	185.971
j2030_10	15	47.000	47.000	0.000	239.098
j2031_1	15	40.000	40.000	0.000	19.757
j2031_2	15	41.000	41.000	0.000	276.296
j2031_3	15	34.000	34.000	0.000	82.063
j2031_4	15	41.000	41.000	0.000	25.937
j2031_5	15	27.000	27.000	0.000	19.661
j2031_6	15	37.000	37.000	0.000	38.235
j2031_7	15	32.000	32.000	0.000	332.048
j2031_8	15	38.000	38.000	0.000	22.524
j2031_9	15	51.000	51.000	0.000	91.968
j2031_10	15	48.000	48.000	0.000	33.452
j2032_1	15	33.000	33.000	0.000	39.140
j2032_2	15	26.000	26.000	0.000	18.262
j2032_3	15	42.000	42.000	0.000	20.392
j2032_4	15	28.000	28.000	0.000	23.585
j2032_5	15	33.000	33.000	0.000	20.258
j2032_6	15	34.000	34.000	0.000	16.070
j2032_7	15	29.000	29.000	0.000	34.765
j2032_8	15	44.000	44.000	0.000	15.769
j2032_9	15	51.000	51.000	0.000	16.221
j2032_10	15	31.000	31.000	0.000	19.411
j2033_1	15	37.000	37.000	0.000	483.229
j2033_2	15	39.000	39.000	0.000	441.088
j2033_3	15	67.000	37.000	0.448	7200.006
j2033_4	15	29.000	29.000	0.000	824.670
j2033_5	15	70.000	70.000	0.000	902.371
j2033_6	15	27.000	27.000	0.000	571.469
j2033_7	15	40.000	40.000	0.000	60.238
j2033_8	15	49.000	49.000	0.000	2193.277
j2033_9	15	49.000	49.000	0.000	47.418
j2033_10	15	62.000	62.000	0.000	2756.849
j2034_1	15	54.000	54.000	0.000	15.044
j2034_2	15	29.000	29.000	0.000	25.948
j2034_3	15	48.000	48.000	0.000	158.316
j2034_4	15	34.000	34.000	0.000	23.170
j2034_5	15	37.000	37.000	0.000	83.674
j2034_6	15	41.000	41.000	0.000	18.019
j2034_7	15	41.000	41.000	0.000	20.596
j2034_8	15	25.000	25.000	0.000	30.091
j2034_9	15	36.000	36.000	0.000	20.338
j2034_10	15	44.000	44.000	0.000	27.232
j2035_1	15	47.000	47.000	0.000	18.661
j2035_2	15	24.000	24.000	0.000	18.171
j2035_3	15	36.000	36.000	0.000	15.100
j2035_4	15	37.000	37.000	0.000	18.109
j2035_5	15	38.000	38.000	0.000	18.557
j2035_6	15	40.000	40.000	0.000	15.445
j2035_7	15	26.000	26.000	0.000	15.300
j2035_8	15	33.000	33.000	0.000	18.068
j2035_9	15	44.000	44.000	0.000	16.164
j2035_10	15	36.000	36.000	0.000	14.806
j2037_1	15	59.000	46.678	0.209	7200.004
j2037_2	15	47.000	33.596	0.285	7200.015
j2037_3	15	48.000	38.000	0.208	7200.010
j2037_4	15	50.000	43.000	0.140	7200.005
j2037_5	15	66.000	55.000	0.167	7200.004
j2037_6	15	47.000	35.000	0.255	7200.022
j2037_7	15	52.000	30.886	0.406	7200.009
j2037_8	15	41.000	35.000	0.146	7200.031
j2037_9	15	43.000	31.000	0.279	7200.123
j2037_10	15	49.000	35.306	0.279	7200.010
j2038_1	15	34.000	34.000	0.000	110.519
j2038_2	15	41.000	41.000	0.000	5365.179
j2038_3	15	34.000	34.000	0.000	425.056
j2038_4	15	51.000	51.000	0.000	847.058
j2038_5	15	53.000	53.000	0.000	33.534
j2038_6	15	45.000	45.000	0.000	22.479
j2038_7	15	45.000	40.000	0.111	7200.017
j2038_8	15	50.000	50.000	0.000	38.571
j2038_9	15	53.000	53.000	0.000	93.275
j2038_10	15	48.000	48.000	0.000	222.679
j2039_1	15	48.000	48.000	0.000	36.909
j2039_2	15	48.000	48.000	0.000	24.583
j2039_3	15	39.000	39.000	0.000	13.751
j2039_4	15	45.000	45.000	0.000	21.275
j2039_5	15	41.000	41.000	0.000	14.961
j2039_6	15	62.000	62.000	0.000	12.317
j2039_7	15	36.000	36.000	0.000	19.659
j2039_8	15	35.000	35.000	0.000	21.235
j2039_9	15	31.000	31.000	0.000	16.680
j2039_10	15	29.000	29.000	0.000	20.459
j2040_1	15	38.000	38.000	0.000	13.478
j2040_2	15	27.000	27.000	0.000	12.803
j2040_3	15	48.000	48.000	0.000	17.311
j2040_4	15	44.000	44.000	0.000	6.655
j2040_5	15	47.000	47.000	0.000	16.010
j2040_6	15	30.000	30.000	0.000	21.780
j2040_7	15	43.000	43.000	0.000	9.578
j2040_8	15	40.000	40.000	0.000	10.580
j2040_9	15	41.000	41.000	0.000	16.595
j2040_10	15	38.000	38.000	0.000	23.150
j2041_1	15	56.000	56.000	0.000	1380.239
j2041_2	15	43.000	43.000	0.000	2014.579
j2041_3	15	35.000	35.000	0.000	122.665
j2041_4	15	47.000	47.000	0.000	1524.373
j2041_5	15	42.000	42.000	0.000	105.283
j2041_6	15	53.000	46.000	0.132	7200.012
j2041_7	15	32.000	32.000	0.000	990.254
j2041_8	15	38.000	38.000	0.000	1368.103
j2041_9	15	38.000	38.000	0.000	1874.575
j2041_10	15	42.000	42.000	0.000	31.518
j2042_1	15	25.000	25.000	0.000	26.265
j2042_2	15	36.000	36.000	0.000	18.558
j2042_3	15	43.000	43.000	0.000	22.962
j2042_4	15	58.000	58.000	0.000	25.478
j2042_5	15	32.000	32.000	0.000	161.340
j2042_6	15	53.000	53.000	0.000	33.626
j2042_7	15	43.000	43.000	0.000	14.589
j2042_8	15	45.000	45.000	0.000	82.562
j2042_9	15	46.000	46.000	0.000	24.081
j2042_10	15	30.000	30.000	0.000	36.088
j2043_1	15	52.000	52.000	0.000	20.064
j2043_2	15	39.000	39.000	0.000	19.195
j2043_3	15	42.000	42.000	0.000	8.669
j2043_4	15	26.000	26.000	0.000	22.022
j2043_5	15	42.000	42.000	0.000	9.859
j2043_6	15	42.000	42.000	0.000	19.627
j2043_7	15	27.000	27.000	0.000	19.342
j2043_8	15	39.000	39.000	0.000	12.494
j2043_9	15	36.000	36.000	0.000	13.909
j2043_10	15	39.000	39.000	0.000	14.282
j2044_1	15	29.000	29.000	0.000	4.183
j2044_2	15	38.000	38.000	0.000	5.936
j2044_3	15	43.000	43.000	0.000	7.334
j2044_4	15	40.000	40.000	0.000	11.956
j2044_5	15	41.000	41.000	0.000	12.639
j2044_6	15	35.000	35.000	0.000	6.639
j2044_7	15	42.000	42.000	0.000	17.508
j2044_8	15	34.000	34.000	0.000	7.036
j2044_9	15	46.000	46.000	0.000	6.457
j2044_10	15	41.000	41.000	0.000	8.258
j2045_1	15	47.000	29.022	0.383	7200.005
j2045_2	15	52.000	44.000	0.154	7200.022
j2045_3	15	58.000	38.768	0.332	7200.008
j2045_4	15	43.000	31.000	0.279	7200.007
j2045_5	15	54.000	45.000	0.167	7200.003
j2045_6	15	56.000	56.000	0.000	1916.308
j2045_7	15	40.000	31.389	0.215	7200.005
j2045_8	15	49.000	49.000	0.000	6586.393
j2045_9	15	59.000	59.000	0.000	5797.447
j2045_10	15	47.000	34.004	0.277	7200.003
j2046_1	15	46.000	46.000	0.000	1155.090
j2046_2	15	45.000	45.000	0.000	106.984
j2046_3	15	40.000	39.000	0.025	7200.020
j2046_4	15	42.000	42.000	0.000	462.394
j2046_5	15	36.000	36.000	0.000	66.849
j2046_6	15	45.000	45.000	0.000	382.402
j2046_7	15	37.000	37.000	0.000	2460.021
j2046_8	15	38.000	38.000	0.000	166.999
j2046_9	15	41.000	41.000	0.000	31.708
j2046_10	15	47.000	47.000	0.000	34.158
j2047_1	15	32.000	32.000	0.000	25.353
j2047_2	15	30.000	30.000	0.000	26.289
j2047_3	15	31.000	31.000	0.000	19.121
j2047_4	15	34.000	34.000	0.000	20.644
j2047_5	15	33.000	33.000	0.000	24.526
j2047_6	15	34.000	34.000	0.000	34.100
j2047_7	15	44.000	44.000	0.000	23.012
j2047_8	15	29.000	29.000	0.000	27.284
j2047_9	15	58.000	58.000	0.000	24.038
j2047_10	15	42.000	42.000	0.000	167.446
j2048_1	15	32.000	32.000	0.000	23.740
j2048_2	15	37.000	37.000	0.000	27.901
j2048_3	15	32.000	32.000	0.000	8.192
j2048_4	15	24.000	24.000	0.000	27.266
j2048_5	15	24.000	24.000	0.000	9.694
j2048_6	15	46.000	46.000	0.000	17.997
j2048_7	15	41.000	41.000	0.000	16.360
j2048_8	15	32.000	32.000	0.000	11.617
j2048_9	15	36.000	36.000	0.000	19.864
j2048_10	15	45.000	45.000	0.000	44.144
j2049_1	15	38.000	38.000	0.000	4959.745
j2049_2	15	57.000	57.000	0.000	4573.936
j2049_3	15	34.000	34.000	0.000	1303.978
j2049_4	15	60.000	60.000	0.000	6188.460
j2049_5	15	34.000	34.000	0.000	116.086
j2049_6	15	42.000	42.000	0.000	259.835
j2049_7	15	52.000	52.000	0.000	131.021
j2049_8	15	34.000	34.000	0.000	393.807
j2049_9	15	32.000	32.000	0.000	995.135
j2049_10	15	48.000	41.411	0.137	7200.007
j2050_1	15	44.000	44.000	0.000	89.945
j2050_2	15	35.000	35.000	0.000	22.964
j2050_3	15	36.000	36.000	0.000	17.731
j2050_4	15	27.000	27.000	0.000	38.828
j2050_5	15	46.000	46.000	0.000	19.733
j2050_6	15	34.000	34.000	0.000	13.890
j2050_7	15	24.000	24.000	0.000	21.979
j2050_8	15	38.000	38.000	0.000	14.870
j2050_9	15	44.000	44.000	0.000	26.305
j2050_10	15	45.000	45.000	0.000	20.096
j2051_1	15	28.000	28.000	0.000	15.418
j2051_2	15	40.000	40.000	0.000	14.932
j2051_3	15	27.000	27.000	0.000	18.876
j2051_4	15	34.000	34.000	0.000	20.384
j2051_5	15	44.000	44.000	0.000	14.542
j2051_6	15	34.000	34.000	0.000	19.560
j2051_7	15	29.000	29.000	0.000	16.692
j2051_8	15	39.000	39.000	0.000	27.634
j2051_9	15	35.000	35.000	0.000	21.008
j2051_10	15	33.000	33.000	0.000	13.093
j2052_1	15	29.000	29.000	0.000	8.341
j2052_2	15	36.000	36.000	0.000	7.395
j2052_3	15	38.000	38.000	0.000	16.706
j2052_4	15	33.000	33.000	0.000	9.018
j2052_5	15	33.000	33.000	0.000	11.674
j2052_6	15	31.000	31.000	0.000	12.746
j2052_7	15	39.000	39.000	0.000	14.129
j2052_8	15	44.000	44.000	0.000	9.550
j2052_9	15	29.000	29.000	0.000	3.172
j2052_10	15	40.000	40.000	0.000	8.893
j2053_1	15	44.000	36.000	0.182	7200.003
j2053_2	15	78.000	58.433	0.251	7200.046
j2053_3	15	57.000	39.489	0.307	7200.005
j2053_4	15	46.000	28.155	0.388	7200.029
j2053_5	15	46.000	39.643	0.138	7200.005
j2053_6	15	48.000	33.353	0.305	7200.025
j2053_7	15	53.000	45.000	0.151	7200.019
j2053_8	15	61.000	46.000	0.246	7200.012
j2053_9	15	48.000	38.000	0.208	7200.004
j2053_10	15	51.000	42.000	0.176	7200.004
j2054_1	15	44.000	44.000	0.000	17.120
j2054_2	15	31.000	31.000	0.000	215.966
j2054_3	15	38.000	38.000	0.000	319.018
j2054_4	15	44.000	44.000	0.000	227.727
j2054_5	15	37.000	37.000	0.000	74.619
j2054_6	15	49.000	49.000	0.000	6763.838
j2054_7	15	39.000	39.000	0.000	28.098
j2054_8	15	38.000	38.000	0.000	2379.891
j2054_9	15	40.000	40.000	0.000	44.112
j2054_10	15	31.000	31.000	0.000	71.594
j2055_1	15	38.000	38.000	0.000	22.393
j2055_2	15	32.000	32.000	0.000	94.304
j2055_3	15	39.000	39.000	0.000	26.026
j2055_4	15	40.000	40.000	0.000	55.177
j2055_5	15	30.000	30.000	0.000	22.356
j2055_6	15	41.000	41.000	0.000	23.911
j2055_7	15	39.000	39.000	0.000	16.544
j2055_8	15	37.000	37.000	0.000	24.454
j2055_9	15	30.000	30.000	0.000	20.865
j2055_10	15	44.000	44.000	0.000	23.938
j2056_1	15	38.000	38.000	0.000	31.799
j2056_2	15	44.000	44.000	0.000	17.924
j2056_3	15	38.000	38.000	0.000	26.726
j2056_4	15	35.000	35.000	0.000	11.402
j2056_5	15	31.000	31.000	0.000	15.479
j2056_6	15	33.000	33.000	0.000	11.218
j2056_7	15	38.000	38.000	0.000	15.825
j2056_8	15	40.000	40.000	0.000	15.170
j2056_9	15	36.000	36.000	0.000	8.409
j2056_10	15	32.000	32.000	0.000	15.763
j2057_1	15	33.000	33.000	0.000	630.698
j2057_2	15	31.000	31.000	0.000	139.334
j2057_3	15	32.000	32.000	0.000	74.858
j2057_4	15	57.000	57.000	0.000	1308.316
j2057_5	15	36.000	36.000	0.000	190.366
j2057_6	15	30.000	30.000	0.000	237.332
j2057_7	15	41.000	41.000	0.000	702.015
j2057_8	15	53.000	53.000	0.000	3468.318
j2057_9	15	45.000	45.000	0.000	642.572
j2057_10	15	56.000	56.000	0.000	586.905
j2058_1	15	60.000	60.000	0.000	18.201
j2058_2	15	40.000	40.000	0.000	18.892
j2058_3	15	46.000	46.000	0.000	83.345
j2058_4	15	35.000	35.000	0.000	13.717
j2058_5	15	31.000	31.000	0.000	27.573
j2058_6	15	30.000	30.000	0.000	19.450
j2058_7	15	45.000	45.000	0.000	19.133
j2058_8	15	43.000	43.000	0.000	40.764
j2058_9	15	24.000	24.000	0.000	20.721
j2058_10	15	36.000	36.000	0.000	27.115
j2059_1	15	41.000	41.000	0.000	18.920
j2059_2	15	40.000	40.000	0.000	19.291
j2059_3	15	39.000	39.000	0.000	22.259
j2059_4	15	33.000	33.000	0.000	11.171
j2059_5	15	47.000	47.000	0.000	22.711
j2059_6	15	52.000	52.000	0.000	14.610
j2059_7	15	29.000	29.000	0.000	12.070
j2059_8	15	35.000	35.000	0.000	20.491
j2059_9	15	43.000	43.000	0.000	22.666
j2059_10	15	42.000	42.000	0.000	13.493
j2060_1	15	28.000	28.000	0.000	20.453
j2060_2	15	34.000	34.000	0.000	15.099
j2060_3	15	37.000	37.000	0.000	15.936
j2060_4	15	38.000	38.000	0.000	28.498
j2060_5	15	33.000	33.000	0.000	16.736
j2060_6	15	36.000	36.000	0.000	12.083
j2060_7	15	45.000	45.000	0.000	9.384
j2060_8	15	25.000	25.000	0.000	7.661
j2060_9	15	31.000	31.000	0.000	16.681
j2060_10	15	48.000	48.000	0.000	21.548
j2061_1	15	60.000	60.000	0.000	6308.609
j2061_2	15	56.000	51.952	0.072	7200.057
j2061_3	15	49.000	36.000	0.265	7200.038
j2061_4	15	42.000	34.643	0.175	7200.006
j2061_5	15	38.000	28.000	0.263	7200.005
j2061_6	15	48.000	38.000	0.208	7200.006
j2061_7	15	60.000	47.000	0.217	7200.023
j2061_8	15	50.000	41.872	0.163	7200.006
j2061_9	15	51.000	40.000	0.216	7200.007
j2061_10	15	48.000	34.475	0.282	7200.004
j2062_1	15	45.000	45.000	0.000	621.780
j2062_2	15	42.000	42.000	0.000	2630.295
j2062_3	15	51.000	49.000	0.039	7200.028
j2062_4	15	35.000	35.000	0.000	3037.602
j2062_5	15	30.000	30.000	0.000	1077.608
j2062_6	15	28.000	28.000	0.000	53.069
j2062_7	15	36.000	36.000	0.000	78.179
j2062_8	15	28.000	28.000	0.000	87.052
j2062_9	15	35.000	31.165	0.110	7200.005
j2062_10	15	40.000	40.000	0.000	45.672
j2063_1	15	43.000	43.000	0.000	94.076
j2063_2	15	40.000	40.000	0.000	79.403
j2063_3	15	48.000	48.000	0.000	16.957
j2063_4	15	43.000	43.000	0.000	13.886
j2063_5	15	54.000	54.000	0.000	33.257
j2063_6	15	45.000	45.000	0.000	13.392
j2063_7	15	57.000	57.000	0.000	20.123
j2063_8	15	34.000	34.000	0.000	25.728
j2063_9	15	31.000	31.000	0.000	29.468
j2063_10	15	22.000	22.000	0.000	83.347
j2064_1	15	32.000	32.000	0.000	13.474
j2064_2	15	37.000	37.000	0.000	28.128
j2064_3	15	37.000	37.000	0.000	19.327
j2064_4	15	28.000	28.000	0.000	24.434
j2064_5	15	41.000	41.000	0.000	10.838
j2064_6	15	30.000	30.000	0.000	17.981
j2064_7	15	29.000	29.000	0.000	16.830
j2064_8	15	56.000	56.000	0.000	24.904
j2064_9	15	28.000	28.000	0.000	16.132
j2064_10	15	34.000	34.000	0.000	23.227
