instance	Gamma	objval	objbound	gap	n_iterations	avg_iteration	runtime
j203_2	15	29.000	29.000	0.000	92	3.128	288.252
j203_5	15	19.000	19.000	0.000	78	0.787	61.837
j205_7	15	inf	-inf	nan	0	inf	7200.000
j206_3	15	34.000	24.000	0.294	102	68.213	7200.000
j207_3	15	35.000	35.000	0.000	410	2.856	1171.419
j209_1	15	44.000	30.000	0.318	59	119.383	7200.000
j209_2	15	35.000	25.000	0.286	61	114.562	7200.000
j209_3	15	33.000	23.000	0.303	9	671.413	7200.000
j209_5	15	55.000	37.000	0.327	48	140.186	7200.000
j209_6	15	39.000	29.000	0.256	65	108.061	7200.000
j209_7	15	47.000	32.000	0.319	79	87.811	7200.000
j209_8	15	26.000	20.000	0.231	112	62.693	7200.000
j209_9	15	31.000	27.000	0.129	720	9.983	7200.000
j209_10	15	34.000	26.000	0.235	151	46.204	7200.000
j2010_1	15	28.000	28.000	0.000	389	1.966	765.640
j2010_2	15	37.000	37.000	0.000	339	1.467	497.877
j2010_3	15	31.000	31.000	0.000	393	4.559	1792.477
j2010_4	15	29.000	29.000	0.000	225	0.993	224.284
j2010_5	15	33.000	31.000	0.061	865	8.309	7200.000
j2010_6	15	40.000	29.000	0.275	128	55.173	7200.000
j2010_7	15	34.000	34.000	0.000	490	2.033	996.827
j2010_8	15	27.000	27.000	0.000	58	1.820	106.145
j2010_9	15	32.000	26.000	0.187	159	44.844	7200.000
j2010_10	15	44.000	43.000	0.023	1400	5.137	7200.000
j2011_1	15	33.000	33.000	0.000	160	0.838	134.528
j2011_2	15	28.000	28.000	0.000	122	0.861	105.481
j2011_3	15	40.000	40.000	0.000	535	3.602	1927.485
j2011_4	15	47.000	34.000	0.277	225	31.791	7200.000
j2011_5	15	34.000	34.000	0.000	561	3.089	1733.822
j2011_6	15	50.000	50.000	0.000	265	1.297	344.047
j2011_7	15	36.000	36.000	0.000	231	2.373	548.730
j2011_8	15	30.000	30.000	0.000	242	1.252	303.462
j2011_9	15	32.000	32.000	0.000	212	0.835	177.976
j2011_10	15	41.000	41.000	0.000	550	1.427	785.734
j2012_1	15	29.000	29.000	0.000	102	0.577	59.247
j2012_2	15	31.000	31.000	0.000	60	0.699	42.395
j2012_3	15	55.000	55.000	0.000	751	1.645	1235.817
j2012_4	15	28.000	28.000	0.000	153	0.723	111.031
j2012_5	15	36.000	36.000	0.000	569	1.243	707.483
j2012_6	15	31.000	31.000	0.000	93	0.909	84.954
j2012_7	15	32.000	32.000	0.000	277	0.797	221.308
j2012_8	15	45.000	45.000	0.000	776	1.061	824.294
j2012_9	15	49.000	49.000	0.000	985	2.434	2398.362
j2012_10	15	32.000	32.000	0.000	162	3.081	499.554
j2013_1	15	inf	-inf	nan	0	inf	7200.000
j2013_2	15	inf	-inf	nan	0	inf	7200.000
j2013_3	15	inf	-inf	nan	0	inf	7200.000
j2013_4	15	63.000	39.000	0.381	3	1668.589	7200.000
j2013_5	15	inf	-inf	nan	0	inf	7200.000
j2013_6	15	58.000	37.000	0.362	9	625.121	7200.000
j2013_7	15	inf	-inf	nan	0	inf	7200.000
j2013_8	15	inf	-inf	nan	0	inf	7200.000
j2013_9	15	58.000	36.000	0.379	1	1890.750	7200.000
j2013_10	15	inf	-inf	nan	0	inf	7200.000
j2014_1	15	38.000	25.000	0.342	44	157.478	7200.000
j2014_2	15	39.000	27.000	0.308	163	43.110	7200.000
j2014_3	15	34.000	22.000	0.353	50	139.478	7200.000
j2014_4	15	45.000	28.000	0.378	23	299.941	7200.000
j2014_5	15	47.000	30.000	0.362	17	386.826	7200.000
j2014_6	15	30.000	20.000	0.333	20	320.184	7200.000
j2014_7	15	45.000	34.000	0.244	710	10.106	7200.000
j2014_8	15	41.000	27.000	0.341	3	1762.027	7200.000
j2014_9	15	41.000	27.000	0.341	127	55.591	7200.000
j2014_10	15	38.000	27.000	0.289	348	20.592	7200.000
j2015_1	15	40.000	37.000	0.075	1671	4.306	7200.000
j2015_2	15	39.000	39.000	0.000	324	10.456	3388.018
j2015_3	15	40.000	40.000	0.000	299	3.812	1140.196
j2015_4	15	43.000	43.000	0.000	249	1.694	422.438
j2015_5	15	38.000	36.000	0.053	865	8.279	7200.000
j2015_6	15	30.000	30.000	0.000	319	1.020	325.968
j2015_7	15	43.000	43.000	0.000	263	2.296	604.445
j2015_8	15	35.000	35.000	0.000	290	6.720	1949.493
j2015_9	15	32.000	32.000	0.000	433	3.797	1644.451
j2015_10	15	37.000	37.000	0.000	632	3.150	1991.647
j2016_1	15	37.000	36.000	0.027	1545	4.656	7200.000
j2016_2	15	36.000	36.000	0.000	484	1.195	578.754
j2016_3	15	50.000	50.000	0.000	782	0.718	561.940
j2016_4	15	58.000	48.000	0.172	1801	3.983	7200.000
j2016_5	15	31.000	31.000	0.000	761	4.780	3638.508
j2016_6	15	58.000	48.000	0.172	1575	4.566	7200.000
j2016_7	15	39.000	39.000	0.000	688	0.865	595.754
j2016_8	15	42.000	41.000	0.024	1905	3.776	7200.000
j2016_9	15	29.000	29.000	0.000	64	0.949	61.188
j2016_10	15	62.000	54.000	0.129	2039	3.529	7200.000
j2017_1	15	26.000	19.000	0.269	40	174.092	7200.000
j2017_2	15	58.000	38.000	0.345	8	685.489	7200.000
j2017_3	15	51.000	38.000	0.255	799	8.991	7200.000
j2017_4	15	48.000	34.000	0.292	62	113.623	7200.000
j2017_5	15	29.000	21.000	0.276	43	157.695	7200.000
j2017_6	15	57.000	40.000	0.298	99	71.791	7200.000
j2017_7	15	42.000	31.000	0.262	76	85.748	7200.000
j2017_8	15	44.000	34.000	0.227	83	84.305	7200.000
j2017_9	15	27.000	20.000	0.259	82	85.069	7200.000
j2017_10	15	44.000	30.000	0.318	34	197.356	7200.000
j2018_1	15	48.000	48.000	0.000	671	1.272	854.022
j2018_2	15	42.000	42.000	0.000	323	0.626	202.753
j2018_3	15	31.000	25.000	0.194	251	28.239	7200.000
j2018_4	15	34.000	26.000	0.235	523	13.719	7200.000
j2018_5	15	36.000	36.000	0.000	112	1.320	148.284
j2018_6	15	34.000	34.000	0.000	244	3.002	733.061
j2018_7	15	40.000	40.000	0.000	1300	5.507	7159.496
j2018_8	15	46.000	46.000	0.000	761	3.925	2987.591
j2018_9	15	33.000	33.000	0.000	353	1.754	619.693
j2018_10	15	40.000	36.000	0.100	1505	4.780	7200.000
j2019_1	15	40.000	40.000	0.000	622	1.894	1178.518
j2019_2	15	31.000	31.000	0.000	50	1.216	61.260
j2019_3	15	43.000	43.000	0.000	1075	4.028	4330.095
j2019_4	15	30.000	30.000	0.000	1394	4.588	6396.020
j2019_5	15	36.000	36.000	0.000	951	4.284	4074.113
j2019_6	15	57.000	45.000	0.211	1442	4.985	7200.000
j2019_7	15	46.000	45.000	0.022	1919	3.749	7200.000
j2019_8	15	33.000	33.000	0.000	161	0.761	123.071
j2019_9	15	30.000	30.000	0.000	276	1.532	423.418
j2019_10	15	53.000	41.000	0.226	525	13.682	7200.000
j2020_1	15	39.000	39.000	0.000	499	1.263	630.843
j2020_2	15	45.000	45.000	0.000	1721	2.792	4806.469
j2020_3	15	33.000	33.000	0.000	314	1.281	402.570
j2020_4	15	36.000	36.000	0.000	287	0.759	218.283
j2020_5	15	32.000	32.000	0.000	743	1.694	1259.441
j2020_6	15	33.000	33.000	0.000	361	0.959	346.797
j2020_7	15	39.000	39.000	0.000	168	0.741	124.985
j2020_8	15	26.000	26.000	0.000	88	0.780	69.041
j2020_9	15	54.000	54.000	0.000	1596	3.033	4841.580
j2020_10	15	33.000	33.000	0.000	251	1.736	436.287
j2021_1	15	inf	-inf	nan	0	inf	7200.000
j2021_2	15	inf	-inf	nan	0	inf	7200.000
j2021_3	15	52.000	33.000	0.365	5	1176.823	7200.000
j2021_4	15	64.000	43.000	0.328	11	584.072	7200.000
j2021_5	15	inf	-inf	nan	0	inf	7200.000
j2021_6	15	39.000	26.000	0.333	3	1541.871	7200.000
j2021_7	15	50.000	31.000	0.380	1	1962.690	7200.000
j2021_8	15	inf	-inf	nan	0	inf	7200.000
j2021_9	15	inf	-inf	nan	0	inf	7200.000
j2021_10	15	inf	-inf	nan	0	inf	7200.000
j2022_1	15	42.000	39.000	0.071	1089	6.595	7200.000
j2022_2	15	48.000	40.000	0.167	1100	6.537	7200.000
j2022_3	15	37.000	25.000	0.324	17	342.978	7200.000
j2022_4	15	41.000	26.000	0.366	3	1526.242	7200.000
j2022_5	15	inf	-inf	nan	0	inf	7200.000
j2022_6	15	39.000	38.000	0.026	905	7.945	7200.000
j2022_7	15	33.000	22.000	0.333	18	366.433	7200.000
j2022_8	15	54.000	36.000	0.333	45	154.510	7200.000
j2022_9	15	33.000	23.000	0.303	160	44.680	7200.000
j2022_10	15	47.000	47.000	0.000	762	2.743	2090.438
j2023_1	15	40.000	40.000	0.000	539	5.824	3139.520
j2023_2	15	36.000	36.000	0.000	1208	4.479	5410.788
j2023_3	15	45.000	45.000	0.000	578	3.242	1874.111
j2023_4	15	40.000	39.000	0.025	983	7.308	7200.000
j2023_5	15	35.000	35.000	0.000	783	5.628	4407.412
j2023_6	15	35.000	25.000	0.286	337	21.104	7200.000
j2023_7	15	30.000	30.000	0.000	419	3.973	1665.010
j2023_8	15	29.000	29.000	0.000	95	2.351	223.772
j2023_9	15	27.000	21.000	0.222	210	34.107	7200.000
j2023_10	15	41.000	41.000	0.000	245	3.668	899.009
j2024_1	15	43.000	43.000	0.000	418	0.986	412.544
j2024_2	15	50.000	48.000	0.040	1645	4.367	7200.000
j2024_3	15	26.000	26.000	0.000	219	1.969	431.538
j2024_4	15	42.000	42.000	0.000	674	2.122	1430.797
j2024_5	15	51.000	47.000	0.078	1802	3.992	7200.000
j2024_6	15	22.000	22.000	0.000	81	1.286	104.604
j2024_7	15	29.000	29.000	0.000	394	0.828	326.699
j2024_8	15	44.000	44.000	0.000	513	4.341	2227.214
j2024_9	15	38.000	38.000	0.000	520	1.264	657.747
j2024_10	15	29.000	29.000	0.000	209	0.867	181.599
j2025_1	15	59.000	38.000	0.356	15	420.551	7200.000
j2025_2	15	32.000	22.000	0.312	93	76.062	7200.000
j2025_3	15	33.000	24.000	0.273	96	73.138	7200.000
j2025_4	15	39.000	26.000	0.333	35	197.016	7200.000
j2025_5	15	47.000	32.000	0.319	103	68.147	7200.000
j2025_6	15	40.000	34.000	0.150	1030	6.971	7200.000
j2025_7	15	40.000	29.000	0.275	88	77.942	7200.000
j2025_8	15	27.000	23.000	0.148	141	50.171	7200.000
j2025_9	15	37.000	25.000	0.324	19	358.603	7200.000
j2025_10	15	50.000	34.000	0.320	34	203.480	7200.000
j2026_1	15	34.000	34.000	0.000	666	1.462	974.001
j2026_2	15	33.000	27.000	0.182	222	32.274	7200.000
j2026_3	15	42.000	42.000	0.000	1105	5.762	6367.380
j2026_4	15	35.000	25.000	0.286	183	39.007	7200.000
j2026_5	15	42.000	42.000	0.000	286	1.947	557.192
j2026_6	15	38.000	27.000	0.289	204	34.884	7200.000
j2026_7	15	23.000	19.000	0.174	209	33.916	7200.000
j2026_8	15	50.000	48.000	0.040	2169	3.318	7200.000
j2026_9	15	34.000	34.000	0.000	226	1.970	445.724
j2026_10	15	70.000	46.000	0.343	48	145.994	7200.000
j2027_1	15	26.000	26.000	0.000	135	0.724	98.294
j2027_2	15	35.000	35.000	0.000	709	1.847	1309.766
j2027_3	15	35.000	35.000	0.000	287	0.923	265.283
j2027_4	15	41.000	41.000	0.000	85	1.096	93.623
j2027_5	15	42.000	42.000	0.000	505	2.620	1323.577
j2027_6	15	34.000	34.000	0.000	216	2.657	574.265
j2027_7	15	42.000	42.000	0.000	84	0.608	51.505
j2027_8	15	34.000	34.000	0.000	510	1.108	565.346
j2027_9	15	35.000	35.000	0.000	803	1.377	1106.077
j2027_10	15	33.000	33.000	0.000	266	1.523	405.462
j2028_1	15	34.000	34.000	0.000	213	0.752	160.612
j2028_2	15	37.000	37.000	0.000	839	2.417	2028.280
j2028_3	15	29.000	29.000	0.000	73	0.638	46.960
j2028_4	15	33.000	33.000	0.000	462	1.802	832.891
j2028_5	15	42.000	42.000	0.000	270	0.742	200.963
j2028_6	15	27.000	27.000	0.000	61	0.796	49.058
j2028_7	15	38.000	35.000	0.079	2400	2.998	7200.000
j2028_8	15	28.000	24.000	0.143	523	13.665	7200.000
j2028_9	15	30.000	30.000	0.000	24	0.467	11.610
j2028_10	15	39.000	39.000	0.000	1262	1.581	1995.507
j2029_1	15	inf	-inf	nan	0	inf	7200.000
j2029_2	15	inf	-inf	nan	0	inf	7200.000
j2029_3	15	inf	-inf	nan	0	inf	7200.000
j2029_4	15	inf	-inf	nan	0	inf	7200.000
j2029_5	15	inf	-inf	nan	0	inf	7200.000
j2029_6	15	inf	-inf	nan	0	inf	7200.000
j2029_7	15	inf	-inf	nan	0	inf	7200.000
j2029_8	15	46.000	30.000	0.348	4	1386.167	7200.000
j2029_9	15	inf	-inf	nan	0	inf	7200.000
j2029_10	15	inf	-inf	nan	0	inf	7200.000
j2030_1	15	45.000	43.000	0.044	1313	5.478	7200.000
j2030_2	15	30.000	19.000	0.367	3	1548.874	7200.000
j2030_3	15	39.000	26.000	0.333	10	557.557	7200.000
j2030_4	15	49.000	49.000	0.000	284	15.474	4395.101
j2030_5	15	43.000	27.000	0.372	2	2215.174	7200.000
j2030_6	15	54.000	40.000	0.259	382	18.715	7200.000
j2030_7	15	55.000	47.000	0.145	774	9.281	7200.000
j2030_8	15	37.000	26.000	0.297	95	73.260	7200.000
j2030_9	15	47.000	31.000	0.340	70	99.739	7200.000
j2030_10	15	47.000	31.000	0.340	143	49.994	7200.000
j2031_1	15	40.000	40.000	0.000	219	2.015	441.711
j2031_2	15	41.000	28.000	0.317	138	51.578	7200.000
j2031_3	15	34.000	25.000	0.265	464	15.361	7200.000
j2031_4	15	41.000	41.000	0.000	705	3.666	2585.197
j2031_5	15	27.000	27.000	0.000	72	0.863	62.599
j2031_6	15	37.000	26.000	0.297	56	118.265	7200.000
j2031_7	15	32.000	22.000	0.312	84	82.139	7200.000
j2031_8	15	38.000	38.000	0.000	694	3.960	2748.285
j2031_9	15	51.000	51.000	0.000	1024	6.737	6898.547
j2031_10	15	48.000	43.000	0.104	1363	5.278	7200.000
j2032_1	15	33.000	33.000	0.000	931	6.415	5972.793
j2032_2	15	26.000	26.000	0.000	73	0.815	59.842
j2032_3	15	42.000	42.000	0.000	767	2.918	2238.449
j2032_4	15	28.000	25.000	0.107	1272	5.652	7200.000
j2032_5	15	33.000	33.000	0.000	130	1.058	137.933
j2032_6	15	34.000	34.000	0.000	664	3.156	2096.071
j2032_7	15	29.000	29.000	0.000	765	4.844	3705.991
j2032_8	15	44.000	43.000	0.023	1593	4.515	7200.000
j2032_9	15	51.000	44.000	0.137	2142	3.358	7200.000
j2032_10	15	31.000	31.000	0.000	294	1.545	454.551
j2033_1	15	37.000	27.000	0.270	32	206.984	7200.000
j2033_2	15	39.000	27.000	0.308	61	104.634	7200.000
j2033_3	15	67.000	41.000	0.388	1	1617.322	7200.000
j2033_4	15	29.000	21.000	0.276	42	154.550	7200.000
j2033_5	15	70.000	46.000	0.343	19	335.190	7200.000
j2033_6	15	27.000	20.000	0.259	115	61.869	7200.000
j2033_7	15	40.000	30.000	0.250	201	35.305	7200.000
j2033_8	15	49.000	32.000	0.347	28	216.572	7200.000
j2033_9	15	49.000	37.000	0.245	396	18.075	7200.000
j2033_10	15	62.000	41.000	0.339	17	317.227	7200.000
j2034_1	15	54.000	53.000	0.019	2119	3.395	7200.000
j2034_2	15	29.000	29.000	0.000	228	1.217	277.889
j2034_3	15	48.000	35.000	0.271	410	17.470	7200.000
j2034_4	15	34.000	34.000	0.000	625	3.442	2151.468
j2034_5	15	37.000	26.000	0.297	225	31.650	7200.000
j2034_6	15	41.000	41.000	0.000	464	2.225	1032.824
j2034_7	15	41.000	41.000	0.000	1153	6.105	7039.935
j2034_8	15	25.000	25.000	0.000	273	3.546	968.527
j2034_9	15	36.000	36.000	0.000	301	7.313	2201.688
j2034_10	15	44.000	44.000	0.000	853	3.008	2565.890
j2035_1	15	47.000	47.000	0.000	835	2.767	2310.986
j2035_2	15	24.000	24.000	0.000	143	0.835	119.771
j2035_3	15	36.000	36.000	0.000	260	0.646	168.416
j2035_4	15	37.000	37.000	0.000	471	2.028	955.662
j2035_5	15	38.000	36.000	0.053	1686	4.264	7200.000
j2035_6	15	40.000	40.000	0.000	1187	4.675	5549.807
j2035_7	15	26.000	26.000	0.000	126	1.359	171.614
j2035_8	15	33.000	33.000	0.000	429	1.661	713.046
j2035_9	15	44.000	44.000	0.000	211	0.894	189.087
j2035_10	15	36.000	36.000	0.000	599	1.266	758.585
j2037_1	15	58.000	37.000	0.362	1	2384.507	7200.000
j2037_2	15	inf	-inf	nan	0	inf	7200.000
j2037_3	15	inf	-inf	nan	0	inf	7200.000
j2037_4	15	inf	-inf	nan	0	inf	7200.000
j2037_5	15	67.000	43.000	0.358	1	3164.466	7200.000
j2037_6	15	inf	-inf	nan	0	inf	7200.000
j2037_7	15	inf	-inf	nan	0	inf	7200.000
j2037_8	15	inf	-inf	nan	0	inf	7200.000
j2037_9	15	inf	-inf	nan	0	inf	7200.000
j2037_10	15	inf	-inf	nan	0	inf	7200.000
j2038_1	15	34.000	22.000	0.353	52	134.973	7200.000
j2038_2	15	41.000	26.000	0.366	3	1328.369	7200.000
j2038_3	15	34.000	22.000	0.353	61	114.902	7200.000
j2038_4	15	51.000	32.000	0.373	24	282.429	7200.000
j2038_5	15	53.000	43.000	0.189	846	8.499	7200.000
j2038_6	15	45.000	38.000	0.156	1398	5.144	7200.000
j2038_7	15	inf	-inf	nan	0	inf	7200.000
j2038_8	15	50.000	41.000	0.180	657	10.928	7200.000
j2038_9	15	53.000	35.000	0.340	57	122.624	7200.000
j2038_10	15	46.000	30.000	0.348	169	42.206	7200.000
j2039_1	15	48.000	48.000	0.000	756	7.079	5352.075
j2039_2	15	48.000	48.000	0.000	823	4.850	3991.887
j2039_3	15	39.000	39.000	0.000	895	2.137	1913.304
j2039_4	15	45.000	45.000	0.000	281	1.509	424.519
j2039_5	15	41.000	38.000	0.073	1090	6.585	7200.000
j2039_6	15	62.000	50.000	0.194	2047	3.514	7200.000
j2039_7	15	36.000	36.000	0.000	445	1.625	723.477
j2039_8	15	35.000	35.000	0.000	724	4.443	3216.866
j2039_9	15	31.000	31.000	0.000	193	1.079	208.626
j2039_10	15	29.000	29.000	0.000	142	3.054	433.956
j2040_1	15	38.000	38.000	0.000	621	1.294	804.188
j2040_2	15	27.000	27.000	0.000	185	0.859	159.245
j2040_3	15	48.000	46.000	0.042	1668	4.312	7200.000
j2040_4	15	44.000	44.000	0.000	617	0.737	455.203
j2040_5	15	47.000	47.000	0.000	1240	2.849	3533.602
j2040_6	15	30.000	30.000	0.000	107	2.055	220.308
j2040_7	15	43.000	43.000	0.000	196	0.557	109.602
j2040_8	15	40.000	40.000	0.000	1997	3.133	6257.079
j2040_9	15	41.000	41.000	0.000	286	5.939	1699.156
j2040_10	15	38.000	38.000	0.000	949	4.137	3926.650
j2041_1	15	56.000	37.000	0.339	14	460.436	7200.000
j2041_2	15	44.000	28.000	0.364	4	1262.758	7200.000
j2041_3	15	35.000	26.000	0.257	98	72.430	7200.000
j2041_4	15	47.000	31.000	0.340	28	230.909	7200.000
j2041_5	15	42.000	34.000	0.190	361	19.882	7200.000
j2041_6	15	53.000	34.000	0.358	16	401.377	7200.000
j2041_7	15	32.000	27.000	0.156	75	94.176	7200.000
j2041_8	15	38.000	27.000	0.289	93	75.774	7200.000
j2041_9	15	38.000	26.000	0.316	39	175.594	7200.000
j2041_10	15	42.000	40.000	0.048	704	10.182	7200.000
j2042_1	15	25.000	25.000	0.000	58	1.020	59.566
j2042_2	15	36.000	36.000	0.000	208	1.196	249.152
j2042_3	15	43.000	43.000	0.000	808	2.953	2386.696
j2042_4	15	58.000	48.000	0.172	1506	4.773	7200.000
j2042_5	15	32.000	31.000	0.031	578	12.422	7200.000
j2042_6	15	53.000	53.000	0.000	904	2.555	2310.502
j2042_7	15	43.000	43.000	0.000	503	3.414	1717.855
j2042_8	15	45.000	35.000	0.222	170	41.729	7200.000
j2042_9	15	46.000	46.000	0.000	1040	2.281	2372.371
j2042_10	15	30.000	30.000	0.000	73	2.059	150.708
j2043_1	15	52.000	52.000	0.000	2146	2.909	6242.380
j2043_2	15	39.000	39.000	0.000	835	1.351	1128.331
j2043_3	15	42.000	42.000	0.000	1203	1.991	2395.430
j2043_4	15	26.000	26.000	0.000	84	0.686	57.991
j2043_5	15	42.000	39.000	0.071	1949	3.688	7200.000
j2043_6	15	42.000	41.000	0.024	1938	3.713	7200.000
j2043_7	15	27.000	27.000	0.000	121	0.861	104.578
j2043_8	15	39.000	39.000	0.000	1531	2.573	3939.577
j2043_9	15	36.000	36.000	0.000	420	1.166	489.967
j2043_10	15	39.000	39.000	0.000	953	5.076	4838.167
j2044_1	15	29.000	29.000	0.000	395	0.834	329.934
j2044_2	15	38.000	38.000	0.000	392	0.841	329.985
j2044_3	15	43.000	43.000	0.000	562	0.909	511.382
j2044_4	15	40.000	40.000	0.000	430	0.955	411.283
j2044_5	15	41.000	41.000	0.000	260	0.743	193.700
j2044_6	15	35.000	35.000	0.000	260	0.708	184.534
j2044_7	15	42.000	42.000	0.000	436	0.678	295.896
j2044_8	15	34.000	34.000	0.000	137	1.013	139.186
j2044_9	15	46.000	46.000	0.000	690	1.057	729.427
j2044_10	15	41.000	41.000	0.000	229	0.723	166.057
j2045_1	15	inf	-inf	nan	0	inf	7200.000
j2045_2	15	inf	-inf	nan	0	inf	7200.000
j2045_3	15	inf	-inf	nan	0	inf	7200.000
j2045_4	15	inf	-inf	nan	0	inf	7200.000
j2045_5	15	54.000	34.000	0.370	2	1786.022	7200.000
j2045_6	15	56.000	36.000	0.357	21	298.866	7200.000
j2045_7	15	inf	-inf	nan	0	inf	7200.000
j2045_8	15	49.000	32.000	0.347	13	512.327	7200.000
j2045_9	15	59.000	38.000	0.356	11	560.937	7200.000
j2045_10	15	inf	-inf	nan	0	inf	7200.000
j2046_1	15	46.000	30.000	0.348	32	212.295	7200.000
j2046_2	15	45.000	33.000	0.267	827	8.690	7200.000
j2046_3	15	41.000	26.000	0.366	3	1794.859	7200.000
j2046_4	15	42.000	28.000	0.333	100	68.844	7200.000
j2046_5	15	36.000	36.000	0.000	1259	5.359	6747.826
j2046_6	15	45.000	30.000	0.333	29	234.535	7200.000
j2046_7	15	37.000	24.000	0.351	23	297.326	7200.000
j2046_8	15	38.000	26.000	0.316	305	23.448	7200.000
j2046_9	15	41.000	41.000	0.000	849	4.923	4179.726
j2046_10	15	47.000	41.000	0.128	909	7.898	7200.000
j2047_1	15	32.000	25.000	0.219	680	10.567	7200.000
j2047_2	15	30.000	30.000	0.000	184	0.996	183.658
j2047_3	15	31.000	31.000	0.000	89	1.197	106.915
j2047_4	15	34.000	34.000	0.000	248	1.527	379.017
j2047_5	15	33.000	33.000	0.000	426	2.580	1099.605
j2047_6	15	34.000	34.000	0.000	135	1.000	135.358
j2047_7	15	44.000	44.000	0.000	735	1.068	785.053
j2047_8	15	29.000	29.000	0.000	114	1.225	139.990
j2047_9	15	58.000	47.000	0.190	1456	4.938	7200.000
j2047_10	15	42.000	29.000	0.310	158	44.965	7200.000
j2048_1	15	32.000	32.000	0.000	1588	4.072	6467.346
j2048_2	15	37.000	37.000	0.000	713	3.669	2616.201
j2048_3	15	32.000	32.000	0.000	100	0.626	62.992
j2048_4	15	24.000	24.000	0.000	118	0.924	109.526
j2048_5	15	24.000	24.000	0.000	72	0.530	38.600
j2048_6	15	46.000	46.000	0.000	1399	2.389	3342.811
j2048_7	15	41.000	41.000	0.000	257	0.730	188.078
j2048_8	15	32.000	32.000	0.000	196	0.732	143.932
j2048_9	15	36.000	36.000	0.000	276	0.986	272.619
j2048_10	15	45.000	45.000	0.000	925	5.534	5119.559
j2049_1	15	39.000	25.000	0.359	3	1608.592	7200.000
j2049_2	15	53.000	41.000	0.226	19	358.254	7200.000
j2049_3	15	34.000	23.000	0.324	27	236.416	7200.000
j2049_4	15	60.000	38.000	0.367	2	1564.782	7200.000
j2049_5	15	34.000	28.000	0.176	300	23.851	7200.000
j2049_6	15	42.000	29.000	0.310	71	98.911	7200.000
j2049_7	15	52.000	34.000	0.346	106	65.781	7200.000
j2049_8	15	34.000	24.000	0.294	41	167.431	7200.000
j2049_9	15	32.000	24.000	0.250	62	113.306	7200.000
j2049_10	15	47.000	29.000	0.383	4	1055.910	7200.000
j2050_1	15	44.000	33.000	0.250	268	26.605	7200.000
j2050_2	15	35.000	35.000	0.000	782	4.355	3406.203
j2050_3	15	36.000	36.000	0.000	590	1.251	738.495
j2050_4	15	27.000	27.000	0.000	248	12.235	3034.670
j2050_5	15	46.000	40.000	0.130	1070	6.714	7200.000
j2050_6	15	34.000	34.000	0.000	636	1.649	1049.372
j2050_7	15	24.000	24.000	0.000	186	5.363	997.969
j2050_8	15	38.000	38.000	0.000	1235	2.117	2615.178
j2050_9	15	44.000	44.000	0.000	1521	2.689	4090.593
j2050_10	15	45.000	35.000	0.222	1197	6.002	7200.000
j2051_1	15	28.000	28.000	0.000	150	1.225	184.189
j2051_2	15	40.000	40.000	0.000	265	0.888	235.626
j2051_3	15	27.000	27.000	0.000	41	0.720	29.869
j2051_4	15	34.000	34.000	0.000	311	1.013	315.250
j2051_5	15	44.000	38.000	0.136	1389	5.178	7200.000
j2051_6	15	34.000	34.000	0.000	471	2.362	1113.043
j2051_7	15	29.000	29.000	0.000	81	0.875	71.504
j2051_8	15	39.000	39.000	0.000	567	1.662	942.943
j2051_9	15	35.000	35.000	0.000	113	0.741	84.134
j2051_10	15	33.000	33.000	0.000	179	0.661	118.751
j2052_1	15	29.000	29.000	0.000	213	0.709	151.398
j2052_2	15	36.000	36.000	0.000	236	0.599	141.854
j2052_3	15	38.000	38.000	0.000	720	1.052	757.831
j2052_4	15	33.000	33.000	0.000	307	0.791	243.337
j2052_5	15	33.000	33.000	0.000	144	0.584	84.501
j2052_6	15	31.000	31.000	0.000	101	0.845	85.825
j2052_7	15	39.000	39.000	0.000	317	0.721	228.988
j2052_8	15	44.000	44.000	0.000	720	0.924	665.647
j2052_9	15	29.000	29.000	0.000	182	0.926	168.928
j2052_10	15	40.000	40.000	0.000	1296	1.708	2213.789
j2053_1	15	43.000	29.000	0.326	1	3483.225	7200.000
j2053_2	15	inf	-inf	nan	0	inf	7200.000
j2053_3	15	inf	-inf	nan	0	inf	7200.000
j2053_4	15	inf	-inf	nan	0	inf	7200.000
j2053_5	15	inf	-inf	nan	0	inf	7200.000
j2053_6	15	inf	-inf	nan	0	inf	7200.000
j2053_7	15	inf	-inf	nan	0	inf	7200.000
j2053_8	15	inf	-inf	nan	0	inf	7200.000
j2053_9	15	inf	-inf	nan	0	inf	7200.000
j2053_10	15	inf	-inf	nan	0	inf	7200.000
j2054_1	15	44.000	39.000	0.114	1257	5.717	7200.000
j2054_2	15	31.000	22.000	0.290	162	44.035	7200.000
j2054_3	15	38.000	25.000	0.342	172	41.471	7200.000
j2054_4	15	44.000	30.000	0.318	139	51.129	7200.000
j2054_5	15	37.000	37.000	0.000	205	5.567	1141.667
j2054_6	15	49.000	32.000	0.347	3	996.944	7200.000
j2054_7	15	39.000	39.000	0.000	637	2.224	1417.136
j2054_8	15	38.000	25.000	0.342	14	381.839	7200.000
j2054_9	15	40.000	35.000	0.125	636	11.292	7200.000
j2054_10	15	31.000	22.000	0.290	125	56.823	7200.000
j2055_1	15	38.000	38.000	0.000	839	2.976	2497.214
j2055_2	15	32.000	31.000	0.031	743	9.669	7200.000
j2055_3	15	39.000	39.000	0.000	306	0.838	256.792
j2055_4	15	40.000	40.000	0.000	436	4.807	2096.244
j2055_5	15	30.000	30.000	0.000	195	3.573	697.197
j2055_6	15	41.000	41.000	0.000	776	1.547	1201.282
j2055_7	15	39.000	39.000	0.000	241	1.306	315.220
j2055_8	15	37.000	37.000	0.000	724	2.525	1828.448
j2055_9	15	30.000	30.000	0.000	83	0.896	74.758
j2055_10	15	44.000	44.000	0.000	1320	1.774	2342.369
j2056_1	15	38.000	38.000	0.000	343	1.283	440.507
j2056_2	15	44.000	44.000	0.000	803	2.213	1777.250
j2056_3	15	38.000	38.000	0.000	890	2.060	1833.590
j2056_4	15	35.000	35.000	0.000	120	0.699	84.188
j2056_5	15	31.000	31.000	0.000	277	0.736	204.356
j2056_6	15	33.000	33.000	0.000	154	0.608	94.131
j2056_7	15	38.000	38.000	0.000	451	2.893	1305.318
j2056_8	15	40.000	40.000	0.000	1829	2.072	3790.241
j2056_9	15	36.000	36.000	0.000	380	0.738	280.895
j2056_10	15	32.000	32.000	0.000	235	1.189	279.783
j2057_1	15	33.000	22.000	0.333	54	130.369	7200.000
j2057_2	15	31.000	31.000	0.000	229	3.477	796.736
j2057_3	15	32.000	24.000	0.250	137	51.002	7200.000
j2057_4	15	57.000	39.000	0.316	32	208.039	7200.000
j2057_5	15	36.000	26.000	0.278	311	22.857	7200.000
j2057_6	15	30.000	22.000	0.267	125	53.356	7200.000
j2057_7	15	41.000	28.000	0.317	100	71.158	7200.000
j2057_8	15	53.000	34.000	0.358	4	951.334	7200.000
j2057_9	15	45.000	31.000	0.311	113	61.980	7200.000
j2057_10	15	56.000	39.000	0.304	21	299.972	7200.000
j2058_1	15	60.000	50.000	0.167	1386	5.184	7200.000
j2058_2	15	40.000	40.000	0.000	824	5.477	4513.085
j2058_3	15	46.000	46.000	0.000	653	1.511	986.786
j2058_4	15	35.000	35.000	0.000	444	2.200	977.271
j2058_5	15	31.000	24.000	0.226	95	72.487	7200.000
j2058_6	15	30.000	30.000	0.000	507	12.709	6443.990
j2058_7	15	45.000	39.000	0.133	1155	6.225	7200.000
j2058_8	15	43.000	43.000	0.000	1197	5.197	6221.230
j2058_9	15	24.000	22.000	0.083	257	27.677	7200.000
j2058_10	15	36.000	36.000	0.000	576	4.398	2533.787
j2059_1	15	41.000	41.000	0.000	320	1.514	484.880
j2059_2	15	40.000	40.000	0.000	567	0.905	513.368
j2059_3	15	39.000	39.000	0.000	490	0.975	478.005
j2059_4	15	33.000	33.000	0.000	490	0.888	435.597
j2059_5	15	47.000	44.000	0.064	2081	3.456	7200.000
j2059_6	15	52.000	52.000	0.000	2253	2.237	5040.779
j2059_7	15	29.000	29.000	0.000	117	5.415	633.900
j2059_8	15	35.000	35.000	0.000	400	1.372	549.043
j2059_9	15	43.000	42.000	0.023	1437	4.998	7200.000
j2059_10	15	42.000	42.000	0.000	238	0.781	186.134
j2060_1	15	28.000	28.000	0.000	81	0.619	50.497
j2060_2	15	34.000	34.000	0.000	978	1.340	1310.436
j2060_3	15	37.000	37.000	0.000	156	0.674	105.514
j2060_4	15	38.000	38.000	0.000	758	1.241	941.104
j2060_5	15	33.000	33.000	0.000	501	0.852	427.495
j2060_6	15	36.000	36.000	0.000	188	0.733	138.123
j2060_7	15	45.000	45.000	0.000	711	0.922	655.622
j2060_8	15	25.000	25.000	0.000	101	0.664	67.488
j2060_9	15	31.000	31.000	0.000	98	0.549	54.205
j2060_10	15	48.000	45.000	0.062	1411	5.097	7200.000
j2061_1	15	60.000	37.000	0.383	10	550.151	7200.000
j2061_2	15	56.000	36.000	0.357	6	911.184	7200.000
j2061_3	15	inf	-inf	nan	0	inf	7200.000
j2061_4	15	41.000	27.000	0.341	1	1954.925	7200.000
j2061_5	15	inf	-inf	nan	0	inf	7200.000
j2061_6	15	inf	-inf	nan	0	inf	7200.000
j2061_7	15	inf	-inf	nan	0	inf	7200.000
j2061_8	15	inf	-inf	nan	0	inf	7200.000
j2061_9	15	50.000	31.000	0.380	1	3035.789	7200.000
j2061_10	15	inf	-inf	nan	0	inf	7200.000
j2062_1	15	45.000	29.000	0.356	15	445.620	7200.000
j2062_2	15	42.000	27.000	0.357	39	179.764	7200.000
j2062_3	15	51.000	32.000	0.373	6	669.876	7200.000
j2062_4	15	36.000	23.000	0.361	8	791.512	7200.000
j2062_5	15	30.000	21.000	0.300	62	111.784	7200.000
j2062_6	15	28.000	28.000	0.000	49	2.579	126.690
j2062_7	15	36.000	36.000	0.000	135	3.420	462.003
j2062_8	15	28.000	20.000	0.286	153	46.429	7200.000
j2062_9	15	37.000	23.000	0.378	4	1395.520	7200.000
j2062_10	15	40.000	31.000	0.225	412	17.425	7200.000
j2063_1	15	43.000	41.000	0.047	591	12.135	7200.000
j2063_2	15	40.000	32.000	0.200	1011	7.092	7200.000
j2063_3	15	48.000	45.000	0.062	1963	3.663	7200.000
j2063_4	15	43.000	39.000	0.093	1838	3.910	7200.000
j2063_5	15	54.000	46.000	0.148	1381	5.205	7200.000
j2063_6	15	45.000	45.000	0.000	1473	3.467	5107.288
j2063_7	15	57.000	50.000	0.123	1898	3.790	7200.000
j2063_8	15	34.000	34.000	0.000	275	1.203	331.106
j2063_9	15	31.000	31.000	0.000	82	3.948	324.087
j2063_10	15	22.000	22.000	0.000	76	3.089	235.338
j2064_1	15	32.000	32.000	0.000	197	0.625	123.509
j2064_2	15	37.000	37.000	0.000	188	1.849	348.026
j2064_3	15	37.000	37.000	0.000	263	1.343	353.649
j2064_4	15	28.000	28.000	0.000	485	3.306	1603.608
j2064_5	15	41.000	41.000	0.000	279	0.712	198.991
j2064_6	15	30.000	30.000	0.000	559	1.423	795.686
j2064_7	15	29.000	29.000	0.000	157	1.319	207.530
j2064_8	15	56.000	48.000	0.143	1834	3.921	7200.000
j2064_9	15	28.000	28.000	0.000	220	0.657	145.018
j2064_10	15	34.000	34.000	0.000	210	0.950	199.984
