instance	Gamma	objval	objbound	gap	n_iterations	avg_iteration	runtime
j102_2	0	18.000	18.000	0.000	1	1.002	1.243
j102_4	0	18.000	18.000	0.000	1	9.722	10.051
j102_5	0	14.000	14.000	0.000	1	5.534	5.700
j102_6	0	16.000	16.000	0.000	1	4.907	5.066
j102_7	0	25.000	25.000	0.000	1	2.519	2.675
j102_9	0	17.000	17.000	0.000	1	5.030	5.190
j102_10	0	25.000	25.000	0.000	1	13.331	13.508
j103_2	0	13.000	13.000	0.000	1	1.261	1.504
j103_3	0	18.000	18.000	0.000	1	2.525	2.763
j103_4	0	23.000	23.000	0.000	1	1.739	1.917
j103_5	0	19.000	19.000	0.000	1	3.432	3.629
j103_6	0	29.000	29.000	0.000	1	14.872	15.051
j103_7	0	14.000	14.000	0.000	1	1.429	1.609
j103_8	0	23.000	23.000	0.000	1	5.025	5.200
j103_9	0	20.000	20.000	0.000	1	2.072	2.322
j103_10	0	16.000	16.000	0.000	1	0.673	0.853
j104_1	0	27.000	27.000	0.000	1	2.410	2.605
j104_2	0	20.000	20.000	0.000	1	3.226	3.413
j104_3	0	23.000	23.000	0.000	1	3.717	3.932
j104_4	0	15.000	15.000	0.000	1	4.391	4.547
j104_5	0	31.000	31.000	0.000	1	5.038	5.210
j104_6	0	21.000	21.000	0.000	1	0.753	1.084
j104_8	0	19.000	19.000	0.000	1	7.640	7.812
j104_9	0	21.000	21.000	0.000	1	2.801	2.972
j104_10	0	15.000	15.000	0.000	1	1.018	1.189
j105_1	0	32.000	32.000	0.000	1	4.720	4.877
j105_3	0	13.000	13.000	0.000	1	0.218	0.375
j105_4	0	14.000	14.000	0.000	1	1.678	1.855
j105_6	0	17.000	17.000	0.000	1	0.547	0.827
j105_8	0	21.000	21.000	0.000	1	7.005	7.217
j105_10	0	16.000	16.000	0.000	1	1.816	2.173
j106_1	0	17.000	17.000	0.000	1	0.662	0.833
j106_3	0	22.000	22.000	0.000	1	0.962	1.127
j106_4	0	19.000	19.000	0.000	1	3.460	3.623
j106_5	0	35.000	35.000	0.000	1	8.629	8.803
j106_7	0	20.000	20.000	0.000	1	6.200	6.497
j106_8	0	19.000	19.000	0.000	1	4.133	4.330
j107_1	0	13.000	13.000	0.000	1	0.958	1.124
j107_2	0	21.000	21.000	0.000	1	3.328	3.500
j107_3	0	21.000	21.000	0.000	1	4.590	4.746
j107_4	0	16.000	16.000	0.000	1	0.784	0.974
j107_5	0	24.000	24.000	0.000	1	1.392	1.575
j107_6	0	36.000	36.000	0.000	1	12.568	12.799
j107_8	0	31.000	31.000	0.000	1	6.647	6.807
j107_9	0	28.000	28.000	0.000	1	6.147	6.309
j108_3	0	17.000	17.000	0.000	1	0.594	0.812
j108_5	0	25.000	25.000	0.000	1	2.420	2.579
j108_6	0	23.000	23.000	0.000	1	3.941	4.183
j108_7	0	20.000	20.000	0.000	1	6.687	6.868
j108_8	0	14.000	14.000	0.000	1	1.398	1.629
j108_10	0	23.000	23.000	0.000	1	4.290	4.460
j1010_1	0	17.000	17.000	0.000	1	0.691	1.036
j1010_2	0	22.000	22.000	0.000	1	1.010	1.363
j1010_3	0	21.000	21.000	0.000	1	0.610	0.949
j1010_4	0	15.000	15.000	0.000	1	0.481	0.653
j1010_5	0	22.000	22.000	0.000	1	0.722	1.011
j1010_6	0	13.000	13.000	0.000	1	1.100	1.307
j1010_7	0	13.000	13.000	0.000	1	0.230	0.405
j1010_8	0	11.000	11.000	0.000	1	1.047	1.234
j1010_9	0	10.000	10.000	0.000	1	0.379	0.559
j1010_10	0	13.000	13.000	0.000	1	0.773	0.953
j1011_1	0	20.000	20.000	0.000	1	0.219	0.497
j1011_2	0	11.000	11.000	0.000	1	0.390	0.591
j1011_3	0	12.000	12.000	0.000	1	0.352	0.585
j1011_4	0	23.000	23.000	0.000	1	0.651	0.852
j1011_5	0	15.000	15.000	0.000	1	0.454	0.624
j1011_6	0	15.000	15.000	0.000	1	0.746	0.920
j1011_7	0	11.000	11.000	0.000	1	0.403	0.590
j1011_8	0	14.000	14.000	0.000	1	0.402	0.609
j1011_9	0	16.000	16.000	0.000	1	0.400	0.645
j1011_10	0	21.000	21.000	0.000	1	0.467	0.705
j1012_1	0	15.000	15.000	0.000	1	0.409	0.572
j1012_2	0	15.000	15.000	0.000	1	0.451	0.615
j1012_3	0	16.000	16.000	0.000	1	0.470	0.695
j1012_4	0	17.000	17.000	0.000	1	0.452	0.654
j1012_5	0	13.000	13.000	0.000	1	0.626	0.804
j1012_6	0	22.000	22.000	0.000	1	0.697	0.906
j1012_7	0	12.000	12.000	0.000	1	0.407	0.650
j1012_8	0	19.000	19.000	0.000	1	0.291	0.466
j1012_9	0	21.000	21.000	0.000	1	0.329	0.493
j1012_10	0	9.000	9.000	0.000	1	0.423	0.753
j1013_1	0	16.000	16.000	0.000	1	0.201	0.387
j1013_2	0	17.000	17.000	0.000	1	0.504	0.676
j1013_3	0	17.000	17.000	0.000	1	0.373	0.577
j1013_4	0	19.000	19.000	0.000	1	0.516	0.815
j1013_5	0	11.000	11.000	0.000	1	0.427	0.590
j1013_6	0	18.000	18.000	0.000	1	0.948	1.116
j1013_7	0	13.000	13.000	0.000	1	0.353	0.540
j1013_8	0	10.000	10.000	0.000	1	0.362	0.542
j1013_9	0	15.000	15.000	0.000	1	0.515	0.700
j1013_10	0	13.000	13.000	0.000	1	0.464	0.661
j1014_1	0	13.000	13.000	0.000	1	0.276	0.566
j1014_2	0	14.000	14.000	0.000	1	0.273	0.448
j1014_3	0	18.000	18.000	0.000	1	0.630	0.802
j1014_4	0	17.000	17.000	0.000	1	0.902	1.177
j1014_5	0	19.000	19.000	0.000	1	0.444	0.654
j1014_6	0	14.000	14.000	0.000	1	1.274	1.465
j1014_7	0	15.000	15.000	0.000	1	0.535	0.763
j1014_8	0	19.000	19.000	0.000	1	0.625	0.868
j1014_9	0	20.000	20.000	0.000	1	0.310	0.477
j1014_10	0	9.000	9.000	0.000	1	0.442	0.606
j1015_1	0	12.000	12.000	0.000	1	0.513	0.699
j1015_2	0	25.000	25.000	0.000	1	0.903	1.079
j1015_3	0	15.000	15.000	0.000	1	0.403	0.579
j1015_4	0	11.000	11.000	0.000	1	0.387	0.585
j1015_5	0	7.000	7.000	0.000	1	0.429	0.726
j1015_6	0	19.000	19.000	0.000	1	1.138	1.301
j1015_7	0	8.000	8.000	0.000	1	0.294	0.477
j1015_8	0	10.000	10.000	0.000	1	0.372	0.551
j1015_9	0	14.000	14.000	0.000	1	0.808	1.146
j1015_10	0	18.000	18.000	0.000	1	0.500	0.679
j1016_1	0	13.000	13.000	0.000	1	0.314	0.516
j1016_2	0	17.000	17.000	0.000	1	0.454	0.659
j1016_3	0	12.000	12.000	0.000	1	0.310	0.478
j1016_4	0	21.000	21.000	0.000	1	0.739	0.900
j1016_5	0	25.000	25.000	0.000	1	0.905	1.082
j1016_6	0	21.000	21.000	0.000	1	1.393	1.564
j1016_7	0	12.000	12.000	0.000	1	0.523	0.692
j1016_8	0	9.000	9.000	0.000	1	0.737	0.945
j1016_9	0	16.000	16.000	0.000	1	0.497	0.764
j1016_10	0	26.000	26.000	0.000	1	0.612	0.815
j1018_1	0	14.000	14.000	0.000	1	0.635	0.797
j1018_2	0	15.000	15.000	0.000	1	0.534	0.711
j1018_3	0	16.000	16.000	0.000	1	0.487	0.687
j1018_4	0	18.000	18.000	0.000	1	0.658	0.978
j1018_5	0	13.000	13.000	0.000	1	0.306	0.503
j1018_6	0	15.000	15.000	0.000	1	0.345	0.657
j1018_7	0	12.000	12.000	0.000	1	0.207	0.370
j1018_8	0	16.000	16.000	0.000	1	0.300	0.483
j1018_9	0	13.000	13.000	0.000	1	0.244	0.409
j1018_10	0	14.000	14.000	0.000	1	0.403	0.616
j1019_1	0	13.000	13.000	0.000	1	0.383	0.557
j1019_2	0	15.000	15.000	0.000	1	0.389	0.599
j1019_3	0	16.000	16.000	0.000	1	0.532	0.820
j1019_4	0	15.000	15.000	0.000	1	0.413	0.591
j1019_5	0	13.000	13.000	0.000	1	0.251	0.415
j1019_6	0	17.000	17.000	0.000	1	0.580	0.773
j1019_7	0	14.000	14.000	0.000	1	0.281	0.455
j1019_8	0	15.000	15.000	0.000	1	0.239	0.432
j1019_9	0	12.000	12.000	0.000	1	0.514	0.774
j1019_10	0	11.000	11.000	0.000	1	0.238	0.414
j1020_1	0	12.000	12.000	0.000	1	0.350	0.528
j1020_2	0	18.000	18.000	0.000	1	0.512	0.685
j1020_3	0	21.000	21.000	0.000	1	0.331	0.514
j1020_4	0	17.000	17.000	0.000	1	0.254	0.425
j1020_5	0	12.000	12.000	0.000	1	0.470	0.653
j1020_6	0	20.000	20.000	0.000	1	0.415	0.771
j1020_8	0	12.000	12.000	0.000	1	0.280	0.458
j1020_9	0	9.000	9.000	0.000	1	0.253	0.424
j1020_10	0	10.000	10.000	0.000	1	0.492	0.672
j1021_1	0	17.000	17.000	0.000	1	0.297	0.475
j1021_2	0	13.000	13.000	0.000	1	0.242	0.446
j1021_3	0	26.000	26.000	0.000	1	0.584	0.778
j1021_4	0	12.000	12.000	0.000	1	0.314	0.507
j1021_5	0	23.000	23.000	0.000	1	0.612	0.789
j1021_6	0	14.000	14.000	0.000	1	0.548	0.718
j1021_7	0	11.000	11.000	0.000	1	0.371	0.544
j1021_8	0	12.000	12.000	0.000	1	0.641	0.828
j1021_9	0	12.000	12.000	0.000	1	0.665	0.875
j1021_10	0	16.000	16.000	0.000	1	0.674	0.922
j1022_1	0	18.000	18.000	0.000	1	0.552	0.762
j1022_2	0	10.000	10.000	0.000	1	0.308	0.514
j1022_3	0	20.000	20.000	0.000	1	0.362	0.666
j1022_4	0	13.000	13.000	0.000	1	0.431	0.641
j1022_5	0	12.000	12.000	0.000	1	0.284	0.528
j1022_6	0	16.000	16.000	0.000	1	0.387	0.732
j1022_7	0	8.000	8.000	0.000	1	0.417	0.686
j1022_8	0	17.000	17.000	0.000	1	0.674	1.015
j1022_9	0	18.000	18.000	0.000	1	0.386	0.567
j1022_10	0	16.000	16.000	0.000	1	0.301	0.479
j1023_1	0	13.000	13.000	0.000	1	0.745	1.038
j1023_2	0	15.000	15.000	0.000	1	0.508	0.798
j1023_3	0	16.000	16.000	0.000	1	0.491	0.826
j1023_4	0	16.000	16.000	0.000	1	0.422	0.602
j1023_5	0	14.000	14.000	0.000	1	0.480	0.664
j1023_6	0	18.000	18.000	0.000	1	0.614	0.808
j1023_8	0	18.000	18.000	0.000	1	0.433	0.618
j1023_9	0	11.000	11.000	0.000	1	0.356	0.556
j1023_10	0	15.000	15.000	0.000	1	0.269	0.454
j1024_1	0	8.000	8.000	0.000	1	0.281	0.476
j1024_2	0	14.000	14.000	0.000	1	0.201	0.384
j1024_3	0	10.000	10.000	0.000	1	0.332	0.524
j1024_4	0	15.000	15.000	0.000	1	0.482	0.763
j1024_5	0	14.000	14.000	0.000	1	0.259	0.451
j1024_6	0	16.000	16.000	0.000	1	0.503	0.706
j1024_7	0	17.000	17.000	0.000	1	0.338	0.522
j1024_8	0	25.000	25.000	0.000	1	0.450	0.626
j1024_9	0	10.000	10.000	0.000	1	0.323	0.523
j1024_10	0	15.000	15.000	0.000	1	0.245	0.499
j1026_1	0	14.000	14.000	0.000	1	0.250	0.437
j1026_2	0	11.000	11.000	0.000	1	0.238	0.426
j1026_3	0	16.000	16.000	0.000	1	0.407	0.748
j1026_4	0	14.000	14.000	0.000	1	0.230	0.500
j1026_5	0	17.000	17.000	0.000	1	0.387	0.594
j1026_6	0	18.000	18.000	0.000	1	0.346	0.567
j1026_7	0	14.000	14.000	0.000	1	0.250	0.495
j1026_8	0	15.000	15.000	0.000	1	0.409	0.742
j1026_9	0	11.000	11.000	0.000	1	0.200	0.377
j1026_10	0	15.000	15.000	0.000	1	0.304	0.492
j1027_1	0	15.000	15.000	0.000	1	0.281	0.547
j1027_2	0	12.000	12.000	0.000	1	0.345	0.540
j1027_3	0	15.000	15.000	0.000	1	0.186	0.362
j1027_4	0	15.000	15.000	0.000	1	0.451	0.695
j1027_5	0	16.000	16.000	0.000	1	0.457	0.679
j1027_6	0	14.000	14.000	0.000	1	0.271	0.472
j1027_7	0	10.000	10.000	0.000	1	0.161	0.437
j1027_8	0	12.000	12.000	0.000	1	0.348	0.526
j1027_9	0	15.000	15.000	0.000	1	0.431	0.615
j1027_10	0	14.000	14.000	0.000	1	0.226	0.400
j1028_1	0	19.000	19.000	0.000	1	0.257	0.471
j1028_2	0	24.000	24.000	0.000	1	0.425	0.597
j1028_3	0	20.000	20.000	0.000	1	0.506	0.694
j1028_4	0	16.000	16.000	0.000	1	0.317	0.494
j1028_5	0	18.000	18.000	0.000	1	0.321	0.503
j1028_6	0	9.000	9.000	0.000	1	0.254	0.446
j1028_7	0	15.000	15.000	0.000	1	0.287	0.471
j1028_8	0	16.000	16.000	0.000	1	0.248	0.442
j1028_9	0	12.000	12.000	0.000	1	0.232	0.415
j1028_10	0	18.000	18.000	0.000	1	0.356	0.572
j1029_1	0	15.000	15.000	0.000	1	0.236	0.434
j1029_2	0	13.000	13.000	0.000	1	0.307	0.482
j1029_3	0	16.000	16.000	0.000	1	0.261	0.590
j1029_4	0	17.000	17.000	0.000	1	0.276	0.454
j1029_5	0	17.000	17.000	0.000	1	0.313	0.499
j1029_6	0	16.000	16.000	0.000	1	0.190	0.448
j1029_7	0	14.000	14.000	0.000	1	0.308	0.492
j1029_8	0	10.000	10.000	0.000	1	0.257	0.608
j1029_9	0	14.000	14.000	0.000	1	0.273	0.467
j1029_10	0	16.000	16.000	0.000	1	0.263	0.459
j1030_1	0	15.000	15.000	0.000	1	0.279	0.455
j1030_2	0	11.000	11.000	0.000	1	0.237	0.404
j1030_3	0	17.000	17.000	0.000	1	0.317	0.495
j1030_4	0	12.000	12.000	0.000	1	0.279	0.447
j1030_5	0	24.000	24.000	0.000	1	0.334	0.530
j1030_6	0	22.000	22.000	0.000	1	0.342	0.508
j1030_7	0	13.000	13.000	0.000	1	0.313	0.484
j1030_8	0	13.000	13.000	0.000	1	0.217	0.382
j1030_9	0	14.000	14.000	0.000	1	0.288	0.453
j1030_10	0	17.000	17.000	0.000	1	0.263	0.491
j1031_1	0	17.000	17.000	0.000	1	0.296	0.470
j1031_2	0	15.000	15.000	0.000	1	0.274	0.454
j1031_3	0	15.000	15.000	0.000	1	0.261	0.579
j1031_4	0	18.000	18.000	0.000	1	0.445	0.695
j1031_5	0	15.000	15.000	0.000	1	0.361	0.537
j1031_6	0	20.000	20.000	0.000	1	0.290	0.461
j1031_7	0	14.000	14.000	0.000	1	0.399	0.586
j1031_8	0	16.000	16.000	0.000	1	0.279	0.576
j1031_9	0	14.000	14.000	0.000	1	0.200	0.390
j1031_10	0	12.000	12.000	0.000	1	0.212	0.376
j1032_1	0	17.000	17.000	0.000	1	0.305	0.474
j1032_2	0	12.000	12.000	0.000	1	0.288	0.453
j1032_3	0	19.000	19.000	0.000	1	0.276	0.445
j1032_4	0	12.000	12.000	0.000	1	0.251	0.446
j1032_5	0	11.000	11.000	0.000	1	0.264	0.443
j1032_6	0	17.000	17.000	0.000	1	0.249	0.430
j1032_7	0	16.000	16.000	0.000	1	0.146	0.309
j1032_8	0	12.000	12.000	0.000	1	0.291	0.452
j1032_9	0	15.000	15.000	0.000	1	0.213	0.374
j1032_10	0	13.000	13.000	0.000	1	0.198	0.361
j1034_1	0	23.000	23.000	0.000	1	117.998	118.310
j1034_2	0	12.000	12.000	0.000	1	14.786	14.941
j1034_3	0	23.000	23.000	0.000	1	954.389	954.541
j1034_4	0	21.000	21.000	0.000	1	1447.944	1448.095
j1034_5	0	22.000	22.000	0.000	1	163.158	163.312
j1034_6	0	28.000	28.000	0.000	1	806.978	807.130
j1034_7	0	26.000	26.000	0.000	1	379.667	379.819
j1034_8	0	19.000	19.000	0.000	1	771.677	771.894
j1034_9	0	26.000	26.000	0.000	1	746.552	746.731
j1034_10	0	14.000	14.000	0.000	1	126.593	126.768
j1035_1	0	28.000	28.000	0.000	1	2580.460	2580.631
j1035_2	0	32.000	32.000	0.000	1	904.995	905.186
j1035_3	0	inf	-inf	nan	0	inf	3600.000
j1035_4	0	23.000	23.000	0.000	1	349.527	349.706
j1035_5	0	24.000	24.000	0.000	1	182.723	182.922
j1035_6	0	19.000	19.000	0.000	1	118.667	118.821
j1035_7	0	22.000	22.000	0.000	1	272.152	272.301
j1035_8	0	28.000	28.000	0.000	1	667.943	668.098
j1035_9	0	18.000	18.000	0.000	1	18.788	18.942
j1035_10	0	20.000	20.000	0.000	1	60.677	60.828
j1036_1	0	32.000	32.000	0.000	1	73.863	74.014
j1036_2	0	26.000	26.000	0.000	1	462.448	462.793
j1036_3	0	17.000	17.000	0.000	1	142.514	142.698
j1036_4	0	22.000	22.000	0.000	1	39.013	39.172
j1036_5	0	inf	-inf	nan	0	inf	3600.000
j1036_6	0	21.000	21.000	0.000	1	36.809	36.985
j1036_7	0	25.000	25.000	0.000	1	160.993	161.183
j1036_8	0	23.000	23.000	0.000	1	105.026	105.218
j1036_10	0	33.000	33.000	0.000	1	334.584	334.838
j1037_1	0	23.000	23.000	0.000	1	42.705	42.891
j1037_2	0	12.000	12.000	0.000	1	10.394	10.578
j1037_3	0	20.000	20.000	0.000	1	97.906	98.056
j1037_4	0	24.000	24.000	0.000	1	1916.864	1917.047
j1037_5	0	31.000	31.000	0.000	1	1234.070	1234.244
j1037_6	0	22.000	22.000	0.000	1	1362.735	1362.919
j1037_7	0	22.000	22.000	0.000	1	1365.520	1365.749
j1037_8	0	27.000	27.000	0.000	1	327.752	327.933
j1037_9	0	20.000	20.000	0.000	1	1008.299	1008.485
j1037_10	0	inf	-inf	nan	0	inf	3600.000
j1038_1	0	27.000	27.000	0.000	1	8.164	8.339
j1038_2	0	21.000	21.000	0.000	1	534.601	534.755
j1038_3	0	21.000	21.000	0.000	1	132.267	132.454
j1038_4	0	21.000	21.000	0.000	1	74.211	74.386
j1038_5	0	18.000	18.000	0.000	1	27.615	27.776
j1038_6	0	19.000	19.000	0.000	1	210.024	210.178
j1038_7	0	24.000	24.000	0.000	1	36.102	36.252
j1038_8	0	26.000	26.000	0.000	1	46.491	46.644
j1038_9	0	26.000	26.000	0.000	1	47.828	47.985
j1038_10	0	16.000	16.000	0.000	1	20.764	20.916
j1039_1	0	18.000	18.000	0.000	1	952.482	952.688
j1039_2	0	18.000	18.000	0.000	1	481.299	481.483
j1039_3	0	27.000	27.000	0.000	1	229.088	229.273
j1039_4	0	16.000	16.000	0.000	1	155.703	155.871
j1039_5	0	30.000	30.000	0.000	1	798.213	798.388
j1039_6	0	22.000	22.000	0.000	1	318.718	318.900
j1039_7	0	14.000	14.000	0.000	1	10.107	10.311
j1039_8	0	23.000	23.000	0.000	1	458.459	458.650
j1039_9	0	24.000	24.000	0.000	1	119.612	119.769
j1039_10	0	31.000	31.000	0.000	1	339.198	339.356
j1040_1	0	19.000	19.000	0.000	1	921.705	921.861
j1040_2	0	32.000	32.000	0.000	1	1216.266	1216.421
j1040_3	0	25.000	25.000	0.000	1	914.545	914.697
j1040_5	0	21.000	21.000	0.000	1	53.220	53.381
j1040_6	0	18.000	18.000	0.000	1	121.719	121.900
j1040_7	0	28.000	28.000	0.000	1	435.883	436.064
j1040_8	0	29.000	29.000	0.000	1	921.140	921.321
j1040_9	0	19.000	19.000	0.000	1	177.166	177.353
j1040_10	0	16.000	16.000	0.000	1	1284.796	1285.010
j1042_1	0	16.000	16.000	0.000	1	11.859	12.035
j1042_2	0	14.000	14.000	0.000	1	2.511	2.690
j1042_3	0	25.000	25.000	0.000	1	6.805	6.984
j1042_4	0	13.000	13.000	0.000	1	4.562	4.724
j1042_5	0	20.000	20.000	0.000	1	1.172	1.351
j1042_6	0	11.000	11.000	0.000	1	7.548	7.738
j1042_7	0	26.000	26.000	0.000	1	12.116	12.274
j1042_8	0	18.000	18.000	0.000	1	4.151	4.310
j1042_9	0	11.000	11.000	0.000	1	2.247	2.403
j1042_10	0	11.000	11.000	0.000	1	8.407	8.592
j1043_1	0	18.000	18.000	0.000	1	23.530	23.685
j1043_2	0	15.000	15.000	0.000	1	1.664	1.822
j1043_3	0	17.000	17.000	0.000	1	32.128	32.283
j1043_4	0	14.000	14.000	0.000	1	3.189	3.378
j1043_5	0	19.000	19.000	0.000	1	95.129	95.288
j1043_6	0	16.000	16.000	0.000	1	4.087	4.239
j1043_7	0	12.000	12.000	0.000	1	7.529	7.710
j1043_8	0	21.000	21.000	0.000	1	1.464	1.654
j1043_9	0	11.000	11.000	0.000	1	0.843	1.005
j1043_10	0	16.000	16.000	0.000	1	38.410	38.566
j1044_1	0	18.000	18.000	0.000	1	1.308	1.471
j1044_2	0	16.000	16.000	0.000	1	1.700	1.861
j1044_3	0	20.000	20.000	0.000	1	10.109	10.269
j1044_4	0	24.000	24.000	0.000	1	9.410	9.574
j1044_5	0	24.000	24.000	0.000	1	21.206	21.412
j1044_7	0	15.000	15.000	0.000	1	1.655	1.806
j1044_8	0	16.000	16.000	0.000	1	4.460	4.631
j1044_9	0	17.000	17.000	0.000	1	1.417	1.574
j1044_10	0	13.000	13.000	0.000	1	1.066	1.219
j1045_1	0	22.000	22.000	0.000	1	45.833	46.009
j1045_2	0	13.000	13.000	0.000	1	4.977	5.140
j1045_3	0	13.000	13.000	0.000	1	1.682	1.867
j1045_4	0	10.000	10.000	0.000	1	1.166	1.349
j1045_5	0	14.000	14.000	0.000	1	5.095	5.246
j1045_6	0	13.000	13.000	0.000	1	1.506	1.664
j1045_7	0	21.000	21.000	0.000	1	1.907	2.065
j1045_8	0	18.000	18.000	0.000	1	23.041	23.285
j1045_9	0	15.000	15.000	0.000	1	0.295	0.448
j1045_10	0	20.000	20.000	0.000	1	35.320	35.471
j1046_1	0	22.000	22.000	0.000	1	57.222	57.377
j1046_2	0	11.000	11.000	0.000	1	3.525	3.674
j1046_3	0	13.000	13.000	0.000	1	2.130	2.280
j1046_4	0	15.000	15.000	0.000	1	5.128	5.311
j1046_5	0	13.000	13.000	0.000	1	1.787	1.953
j1046_6	0	17.000	17.000	0.000	1	6.965	7.124
j1046_7	0	20.000	20.000	0.000	1	147.146	147.298
j1046_8	0	16.000	16.000	0.000	1	5.571	5.759
j1046_9	0	15.000	15.000	0.000	1	1.657	1.905
j1046_10	0	16.000	16.000	0.000	1	1.779	1.934
j1047_1	0	20.000	20.000	0.000	1	19.888	20.061
j1047_2	0	14.000	14.000	0.000	1	1.559	1.742
j1047_3	0	18.000	18.000	0.000	1	2.901	3.169
j1047_4	0	23.000	23.000	0.000	1	32.024	32.181
j1047_5	0	14.000	14.000	0.000	1	4.449	4.608
j1047_6	0	18.000	18.000	0.000	1	3.048	3.233
j1047_7	0	17.000	17.000	0.000	1	8.280	8.546
j1047_8	0	19.000	19.000	0.000	1	11.037	11.191
j1047_9	0	13.000	13.000	0.000	1	4.224	4.398
j1047_10	0	27.000	27.000	0.000	1	25.601	25.868
j1048_1	0	16.000	16.000	0.000	1	3.760	3.949
j1048_2	0	16.000	16.000	0.000	1	15.127	15.314
j1048_3	0	13.000	13.000	0.000	1	1.284	1.443
j1048_4	0	10.000	10.000	0.000	1	2.529	2.768
j1048_5	0	14.000	14.000	0.000	1	5.575	5.867
j1048_6	0	14.000	14.000	0.000	1	6.183	6.384
j1048_7	0	14.000	14.000	0.000	1	3.256	3.439
j1048_8	0	24.000	24.000	0.000	1	2.005	2.163
j1048_9	0	16.000	16.000	0.000	1	2.297	2.479
j1048_10	0	16.000	16.000	0.000	1	9.509	9.665
j1050_1	0	13.000	13.000	0.000	1	1.039	1.195
j1050_2	0	20.000	20.000	0.000	1	0.853	1.009
j1050_3	0	15.000	15.000	0.000	1	1.256	1.433
j1050_4	0	17.000	17.000	0.000	1	1.348	1.502
j1050_5	0	10.000	10.000	0.000	1	0.693	0.868
j1050_6	0	12.000	12.000	0.000	1	1.025	1.185
j1050_7	0	25.000	25.000	0.000	1	1.204	1.360
j1050_8	0	11.000	11.000	0.000	1	0.718	0.873
j1050_9	0	20.000	20.000	0.000	1	1.720	1.875
j1050_10	0	13.000	13.000	0.000	1	1.631	1.788
j1051_1	0	23.000	23.000	0.000	1	0.935	1.094
j1051_2	0	14.000	14.000	0.000	1	0.386	0.556
j1051_3	0	15.000	15.000	0.000	1	6.357	6.513
j1051_4	0	17.000	17.000	0.000	1	1.911	2.070
j1051_5	0	29.000	29.000	0.000	1	1.420	1.583
j1051_6	0	9.000	9.000	0.000	1	0.627	0.787
j1051_7	0	21.000	21.000	0.000	1	1.164	1.320
j1051_8	0	14.000	14.000	0.000	1	0.668	0.857
j1051_9	0	19.000	19.000	0.000	1	0.812	0.968
j1051_10	0	12.000	12.000	0.000	1	0.800	0.960
j1052_1	0	11.000	11.000	0.000	1	0.962	1.121
j1052_2	0	18.000	18.000	0.000	1	1.913	2.070
j1052_3	0	8.000	8.000	0.000	1	1.097	1.288
j1052_4	0	15.000	15.000	0.000	1	0.987	1.142
j1052_5	0	19.000	19.000	0.000	1	1.251	1.409
j1052_6	0	14.000	14.000	0.000	1	0.806	0.966
j1052_7	0	16.000	16.000	0.000	1	2.024	2.178
j1052_8	0	16.000	16.000	0.000	1	1.232	1.447
j1052_9	0	17.000	17.000	0.000	1	0.946	1.102
j1052_10	0	10.000	10.000	0.000	1	1.097	1.255
j1053_1	0	16.000	16.000	0.000	1	1.019	1.175
j1053_2	0	17.000	17.000	0.000	1	0.903	1.076
j1053_3	0	22.000	22.000	0.000	1	1.451	1.607
j1053_4	0	9.000	9.000	0.000	1	1.109	1.262
j1053_5	0	19.000	19.000	0.000	1	1.063	1.219
j1053_6	0	18.000	18.000	0.000	1	0.833	0.991
j1053_7	0	12.000	12.000	0.000	1	2.164	2.317
j1053_8	0	17.000	17.000	0.000	1	2.159	2.330
j1053_9	0	9.000	9.000	0.000	1	0.743	0.915
j1053_10	0	23.000	23.000	0.000	1	1.031	1.188
j1054_1	0	15.000	15.000	0.000	1	1.641	1.802
j1054_2	0	20.000	20.000	0.000	1	1.277	1.432
j1054_3	0	21.000	21.000	0.000	1	0.753	0.908
j1054_4	0	16.000	16.000	0.000	1	0.845	0.998
j1054_5	0	14.000	14.000	0.000	1	0.569	0.726
j1054_6	0	13.000	13.000	0.000	1	0.938	1.100
j1054_7	0	18.000	18.000	0.000	1	1.000	1.176
j1054_8	0	9.000	9.000	0.000	1	1.231	1.393
j1054_9	0	17.000	17.000	0.000	1	3.310	3.472
j1054_10	0	18.000	18.000	0.000	1	0.515	0.673
j1055_1	0	18.000	18.000	0.000	1	0.816	0.971
j1055_2	0	13.000	13.000	0.000	1	1.143	1.304
j1055_3	0	13.000	13.000	0.000	1	0.461	0.619
j1055_4	0	24.000	24.000	0.000	1	1.239	1.399
j1055_5	0	13.000	13.000	0.000	1	0.529	0.704
j1055_6	0	18.000	18.000	0.000	1	4.007	4.165
j1055_7	0	13.000	13.000	0.000	1	0.779	0.937
j1055_8	0	17.000	17.000	0.000	1	3.810	3.966
j1055_9	0	12.000	12.000	0.000	1	1.556	1.715
j1055_10	0	17.000	17.000	0.000	1	1.053	1.210
j1056_1	0	14.000	14.000	0.000	1	1.390	1.556
j1056_2	0	13.000	13.000	0.000	1	0.762	0.920
j1056_3	0	23.000	23.000	0.000	1	0.940	1.099
j1056_4	0	10.000	10.000	0.000	1	0.528	0.685
j1056_5	0	14.000	14.000	0.000	1	1.232	1.388
j1056_6	0	13.000	13.000	0.000	1	0.981	1.137
j1056_7	0	18.000	18.000	0.000	1	0.955	1.141
j1056_8	0	15.000	15.000	0.000	1	3.559	3.728
j1056_9	0	14.000	14.000	0.000	1	0.784	0.940
j1056_10	0	14.000	14.000	0.000	1	1.075	1.239
j1058_1	0	19.000	19.000	0.000	1	0.611	0.796
j1058_2	0	14.000	14.000	0.000	1	0.484	0.759
j1058_3	0	17.000	17.000	0.000	1	0.645	0.802
j1058_4	0	16.000	16.000	0.000	1	0.586	0.743
j1058_5	0	16.000	16.000	0.000	1	0.473	0.645
j1058_6	0	9.000	9.000	0.000	1	0.538	0.700
j1058_7	0	13.000	13.000	0.000	1	0.499	0.654
j1058_8	0	16.000	16.000	0.000	1	0.613	0.770
j1058_9	0	10.000	10.000	0.000	1	0.801	0.963
j1058_10	0	13.000	13.000	0.000	1	0.551	0.718
j1059_1	0	13.000	13.000	0.000	1	0.503	0.659
j1059_2	0	15.000	15.000	0.000	1	0.434	0.589
j1059_3	0	16.000	16.000	0.000	1	0.463	0.621
j1059_4	0	14.000	14.000	0.000	1	0.318	0.597
j1059_5	0	13.000	13.000	0.000	1	0.813	0.973
j1059_6	0	12.000	12.000	0.000	1	0.299	0.462
j1059_7	0	11.000	11.000	0.000	1	0.492	0.651
j1059_8	0	12.000	12.000	0.000	1	0.864	1.027
j1059_9	0	15.000	15.000	0.000	1	0.451	0.628
j1059_10	0	17.000	17.000	0.000	1	0.874	1.043
j1060_1	0	13.000	13.000	0.000	1	0.681	0.845
j1060_2	0	19.000	19.000	0.000	1	0.702	0.863
j1060_3	0	9.000	9.000	0.000	1	0.289	0.446
j1060_4	0	13.000	13.000	0.000	1	0.354	0.509
j1060_5	0	18.000	18.000	0.000	1	0.656	0.819
j1060_6	0	10.000	10.000	0.000	1	0.548	0.711
j1060_7	0	15.000	15.000	0.000	1	0.611	0.794
j1060_8	0	13.000	13.000	0.000	1	0.535	0.694
j1060_9	0	15.000	15.000	0.000	1	0.705	0.864
j1060_10	0	15.000	15.000	0.000	1	0.520	0.681
j1061_1	0	9.000	9.000	0.000	1	0.415	0.573
j1061_2	0	14.000	14.000	0.000	1	0.744	0.900
j1061_3	0	22.000	22.000	0.000	1	1.127	1.301
j1061_4	0	15.000	15.000	0.000	1	0.281	0.473
j1061_5	0	17.000	17.000	0.000	1	0.835	0.996
j1061_6	0	23.000	23.000	0.000	1	0.740	0.898
j1061_7	0	12.000	12.000	0.000	1	0.483	0.639
j1061_8	0	18.000	18.000	0.000	1	1.529	1.707
j1061_9	0	19.000	19.000	0.000	1	0.649	0.808
j1061_10	0	34.000	34.000	0.000	1	0.857	1.016
j1062_1	0	12.000	12.000	0.000	1	0.295	0.456
j1062_2	0	19.000	19.000	0.000	1	0.944	1.122
j1062_3	0	11.000	11.000	0.000	1	1.183	1.341
j1062_4	0	11.000	11.000	0.000	1	0.604	0.765
j1062_5	0	18.000	18.000	0.000	1	1.128	1.289
j1062_6	0	19.000	19.000	0.000	1	0.589	0.754
j1062_7	0	8.000	8.000	0.000	1	0.331	0.492
j1062_8	0	11.000	11.000	0.000	1	0.213	0.373
j1062_9	0	14.000	14.000	0.000	1	0.570	0.728
j1062_10	0	17.000	17.000	0.000	1	0.820	0.979
j1063_1	0	14.000	14.000	0.000	1	0.285	0.448
j1063_2	0	17.000	17.000	0.000	1	0.161	0.317
j1063_3	0	17.000	17.000	0.000	1	0.782	0.939
j1063_4	0	12.000	12.000	0.000	1	0.501	0.664
j1063_5	0	11.000	11.000	0.000	1	0.676	0.851
j1063_6	0	14.000	14.000	0.000	1	0.883	1.039
j1063_7	0	15.000	15.000	0.000	1	0.694	0.857
j1063_8	0	8.000	8.000	0.000	1	0.459	0.616
j1063_9	0	10.000	10.000	0.000	1	0.193	0.351
j1063_10	0	9.000	9.000	0.000	1	0.552	0.852
j1064_1	0	16.000	16.000	0.000	1	0.947	1.128
j1064_2	0	15.000	15.000	0.000	1	0.450	0.780
j1064_3	0	14.000	14.000	0.000	1	0.657	0.837
j1064_4	0	13.000	13.000	0.000	1	0.309	0.465
j1064_5	0	16.000	16.000	0.000	1	1.329	1.513
j1064_6	0	11.000	11.000	0.000	1	0.453	0.621
j1064_7	0	12.000	12.000	0.000	1	0.961	1.183
j1064_8	0	14.000	14.000	0.000	1	0.314	0.468
j1064_9	0	17.000	17.000	0.000	1	0.501	0.671
j1064_10	0	15.000	15.000	0.000	1	0.666	0.819
