instance	Gamma	objval	objbound	gap	n_iterations	avg_iteration	runtime
j102_2	10	29.000	29.000	0.000	22	12.586	277.390
j102_4	10	28.000	25.000	0.107	102	34.759	3600.000
j102_5	10	22.000	17.000	0.227	86	41.318	3600.000
j102_6	10	26.000	26.000	0.000	81	41.210	3338.417
j102_7	10	42.000	37.000	0.119	94	37.582	3600.000
j102_9	10	27.000	27.000	0.000	53	38.371	2034.031
j102_10	10	40.000	30.000	0.250	164	21.632	3600.000
j103_2	10	20.000	20.000	0.000	115	9.660	1111.233
j103_3	10	29.000	22.000	0.241	174	20.361	3600.000
j103_4	10	36.000	36.000	0.000	134	23.122	3098.685
j103_5	10	32.000	29.000	0.094	153	23.283	3600.000
j103_6	10	46.000	34.000	0.261	45	77.365	3600.000
j103_7	10	22.000	22.000	0.000	186	5.133	955.020
j103_8	10	37.000	28.000	0.243	91	38.572	3600.000
j103_9	10	32.000	32.000	0.000	150	10.966	1645.411
j103_10	10	25.000	25.000	0.000	105	6.554	688.480
j104_1	10	43.000	34.000	0.209	113	31.450	3600.000
j104_2	10	32.000	26.000	0.188	90	38.866	3600.000
j104_3	10	37.000	36.000	0.027	224	15.928	3600.000
j104_4	10	22.000	18.000	0.182	115	30.923	3600.000
j104_5	10	49.000	35.000	0.286	229	15.560	3600.000
j104_6	10	34.000	29.000	0.147	174	20.534	3600.000
j104_8	10	30.000	25.000	0.167	56	61.164	3600.000
j104_9	10	33.000	32.000	0.030	127	27.939	3600.000
j104_10	10	24.000	24.000	0.000	46	10.821	498.176
j105_1	10	53.000	39.000	0.264	296	12.110	3600.000
j105_3	10	20.000	20.000	0.000	59	0.858	51.061
j105_4	10	22.000	19.000	0.136	202	17.623	3600.000
j105_6	10	27.000	27.000	0.000	69	2.117	146.501
j105_8	10	33.000	26.000	0.212	106	33.477	3600.000
j105_10	10	25.000	23.000	0.080	99	35.655	3600.000
j106_1	10	27.000	27.000	0.000	210	12.196	2561.591
j106_3	10	36.000	33.000	0.083	106	33.410	3600.000
j106_4	10	29.000	24.000	0.172	228	15.658	3600.000
j106_5	10	57.000	42.000	0.263	131	27.254	3600.000
j106_7	10	32.000	24.000	0.250	69	51.218	3600.000
j106_8	10	29.000	25.000	0.138	129	27.585	3600.000
j107_1	10	20.000	20.000	0.000	109	12.383	1350.074
j107_2	10	35.000	35.000	0.000	56	13.235	741.591
j107_3	10	34.000	34.000	0.000	102	20.673	2109.008
j107_4	10	24.000	24.000	0.000	82	6.437	528.231
j107_5	10	39.000	39.000	0.000	34	7.533	256.495
j107_6	10	59.000	38.000	0.356	120	29.680	3600.000
j107_8	10	50.000	50.000	0.000	86	33.529	2883.849
j107_9	10	46.000	46.000	0.000	17	32.404	551.193
j108_3	10	27.000	27.000	0.000	219	13.160	2882.406
j108_5	10	40.000	40.000	0.000	32	8.206	262.933
j108_6	10	36.000	32.000	0.111	199	17.854	3600.000
j108_7	10	32.000	26.000	0.188	115	31.015	3600.000
j108_8	10	21.000	21.000	0.000	116	10.877	1262.099
j108_10	10	36.000	34.000	0.056	132	26.420	3600.000
j1010_1	10	26.000	26.000	0.000	73	2.086	152.611
j1010_2	10	35.000	35.000	0.000	171	1.477	252.973
j1010_3	10	32.000	32.000	0.000	263	1.382	363.817
j1010_4	10	24.000	24.000	0.000	25	2.882	72.390
j1010_5	10	34.000	34.000	0.000	174	3.623	630.827
j1010_6	10	20.000	20.000	0.000	59	9.149	540.301
j1010_7	10	20.000	20.000	0.000	11	1.097	12.433
j1010_8	10	18.000	18.000	0.000	79	8.128	642.527
j1010_9	10	15.000	15.000	0.000	60	3.382	203.315
j1010_10	10	20.000	20.000	0.000	90	13.894	1250.912
j1011_1	10	31.000	31.000	0.000	168	1.169	196.847
j1011_2	10	16.000	16.000	0.000	21	1.389	29.613
j1011_3	10	19.000	19.000	0.000	16	0.932	15.287
j1011_4	10	38.000	38.000	0.000	221	4.818	1065.023
j1011_5	10	24.000	24.000	0.000	105	2.775	291.829
j1011_6	10	23.000	23.000	0.000	142	3.138	445.983
j1011_7	10	17.000	17.000	0.000	50	1.607	80.749
j1011_8	10	23.000	23.000	0.000	48	2.998	144.308
j1011_9	10	24.000	24.000	0.000	87	1.597	139.288
j1011_10	10	33.000	33.000	0.000	138	1.664	230.023
j1012_1	10	25.000	25.000	0.000	50	1.117	56.242
j1012_2	10	24.000	24.000	0.000	14	1.050	15.113
j1012_3	10	25.000	25.000	0.000	90	5.828	524.859
j1012_4	10	27.000	27.000	0.000	58	1.234	71.927
j1012_5	10	21.000	21.000	0.000	29	4.711	137.026
j1012_6	10	35.000	29.000	0.171	287	12.492	3600.000
j1012_7	10	19.000	19.000	0.000	36	2.505	90.658
j1012_8	10	30.000	30.000	0.000	70	0.872	61.462
j1012_9	10	33.000	33.000	0.000	101	1.359	137.725
j1012_10	10	14.000	14.000	0.000	3	0.622	2.282
j1013_1	10	25.000	25.000	0.000	77	1.566	120.944
j1013_2	10	28.000	28.000	0.000	30	3.547	106.824
j1013_3	10	27.000	27.000	0.000	57	1.144	65.624
j1013_4	10	31.000	31.000	0.000	84	1.240	104.661
j1013_5	10	16.000	16.000	0.000	56	2.530	142.100
j1013_6	10	28.000	28.000	0.000	101	4.503	455.247
j1013_7	10	19.000	19.000	0.000	38	0.928	35.632
j1013_8	10	15.000	15.000	0.000	36	1.327	48.171
j1013_9	10	23.000	23.000	0.000	54	1.150	62.520
j1013_10	10	20.000	20.000	0.000	25	2.361	59.412
j1014_1	10	21.000	21.000	0.000	13	0.736	9.898
j1014_2	10	22.000	22.000	0.000	26	0.924	24.399
j1014_3	10	30.000	30.000	0.000	138	14.069	1941.874
j1014_4	10	27.000	27.000	0.000	123	4.621	568.771
j1014_5	10	30.000	30.000	0.000	67	0.935	63.027
j1014_6	10	23.000	23.000	0.000	274	9.716	2662.500
j1014_7	10	24.000	24.000	0.000	59	1.237	73.377
j1014_8	10	30.000	30.000	0.000	138	2.083	287.977
j1014_9	10	32.000	32.000	0.000	98	1.344	132.062
j1014_10	10	14.000	14.000	0.000	13	0.917	12.339
j1015_1	10	20.000	20.000	0.000	54	4.498	243.285
j1015_2	10	39.000	39.000	0.000	530	5.470	2899.360
j1015_3	10	23.000	23.000	0.000	182	5.556	1011.562
j1015_4	10	16.000	16.000	0.000	23	0.723	17.057
j1015_5	10	10.000	10.000	0.000	5	0.571	3.323
j1015_6	10	30.000	26.000	0.133	109	32.517	3600.000
j1015_7	10	13.000	13.000	0.000	9	1.351	12.578
j1015_8	10	16.000	16.000	0.000	12	0.730	9.099
j1015_9	10	21.000	21.000	0.000	89	4.441	395.608
j1015_10	10	27.000	27.000	0.000	152	1.897	288.792
j1016_1	10	21.000	21.000	0.000	12	0.829	10.279
j1016_2	10	27.000	27.000	0.000	32	1.268	41.061
j1016_3	10	18.000	18.000	0.000	71	1.298	92.577
j1016_4	10	33.000	33.000	0.000	287	3.011	864.456
j1016_5	10	40.000	40.000	0.000	115	1.787	205.928
j1016_6	10	33.000	33.000	0.000	71	17.937	1273.962
j1016_7	10	19.000	19.000	0.000	31	3.710	115.380
j1016_8	10	13.000	13.000	0.000	46	3.276	151.099
j1016_9	10	25.000	25.000	0.000	61	1.761	107.936
j1016_10	10	42.000	42.000	0.000	97	1.235	120.261
j1018_1	10	21.000	21.000	0.000	85	2.191	186.645
j1018_2	10	24.000	24.000	0.000	112	5.260	589.510
j1018_3	10	25.000	25.000	0.000	27	1.203	32.903
j1018_4	10	28.000	28.000	0.000	73	4.408	322.228
j1018_5	10	20.000	20.000	0.000	62	1.061	66.225
j1018_6	10	24.000	24.000	0.000	51	1.000	51.446
j1018_7	10	19.000	19.000	0.000	16	0.922	15.105
j1018_8	10	25.000	25.000	0.000	38	1.008	38.833
j1018_9	10	21.000	21.000	0.000	59	1.055	62.637
j1018_10	10	23.000	23.000	0.000	15	0.978	15.089
j1019_1	10	21.000	21.000	0.000	20	0.957	19.612
j1019_2	10	24.000	24.000	0.000	48	1.118	54.055
j1019_3	10	26.000	26.000	0.000	58	2.793	162.479
j1019_4	10	24.000	24.000	0.000	46	5.145	237.080
j1019_5	10	20.000	20.000	0.000	16	0.869	14.326
j1019_6	10	26.000	26.000	0.000	100	1.843	184.752
j1019_7	10	22.000	22.000	0.000	24	0.938	22.890
j1019_8	10	22.000	22.000	0.000	48	1.600	77.235
j1019_9	10	18.000	18.000	0.000	141	8.364	1179.746
j1019_10	10	16.000	16.000	0.000	6	0.552	3.737
j1020_1	10	18.000	18.000	0.000	14	0.731	10.640
j1020_2	10	28.000	26.000	0.071	115	30.959	3600.000
j1020_3	10	34.000	34.000	0.000	90	1.235	111.545
j1020_4	10	27.000	27.000	0.000	70	0.922	64.958
j1020_5	10	19.000	19.000	0.000	56	1.156	65.119
j1020_6	10	31.000	31.000	0.000	142	1.271	180.930
j1020_8	10	18.000	18.000	0.000	28	1.261	35.717
j1020_9	10	14.000	14.000	0.000	22	1.028	23.037
j1020_10	10	16.000	16.000	0.000	4	0.837	3.704
j1021_1	10	27.000	27.000	0.000	46	1.038	48.182
j1021_2	10	19.000	19.000	0.000	28	1.061	30.132
j1021_3	10	42.000	42.000	0.000	263	1.883	495.598
j1021_4	10	18.000	18.000	0.000	43	1.083	46.994
j1021_5	10	37.000	37.000	0.000	261	2.733	713.723
j1021_6	10	21.000	21.000	0.000	74	1.393	103.449
j1021_7	10	17.000	17.000	0.000	25	1.221	30.937
j1021_8	10	19.000	19.000	0.000	53	2.694	143.144
j1021_9	10	19.000	19.000	0.000	98	7.846	769.261
j1021_10	10	25.000	25.000	0.000	56	2.160	121.344
j1022_1	10	28.000	28.000	0.000	75	4.299	322.863
j1022_2	10	16.000	16.000	0.000	11	0.794	9.146
j1022_3	10	31.000	31.000	0.000	65	1.005	65.717
j1022_4	10	21.000	21.000	0.000	21	1.157	24.714
j1022_5	10	19.000	19.000	0.000	35	0.862	30.545
j1022_6	10	24.000	24.000	0.000	32	0.980	31.748
j1022_7	10	12.000	12.000	0.000	3	0.638	2.329
j1022_8	10	27.000	27.000	0.000	77	1.304	100.802
j1022_9	10	29.000	29.000	0.000	29	0.917	27.010
j1022_10	10	26.000	26.000	0.000	28	0.748	21.329
j1023_1	10	21.000	21.000	0.000	19	1.087	21.039
j1023_2	10	23.000	23.000	0.000	57	1.080	61.967
j1023_3	10	25.000	25.000	0.000	70	1.290	90.679
j1023_4	10	24.000	24.000	0.000	35	1.397	49.294
j1023_5	10	23.000	23.000	0.000	23	1.198	27.964
j1023_6	10	28.000	28.000	0.000	68	1.264	86.364
j1023_8	10	29.000	29.000	0.000	62	1.349	84.052
j1023_9	10	17.000	17.000	0.000	36	1.239	45.055
j1023_10	10	24.000	24.000	0.000	11	0.357	4.338
j1024_1	10	11.000	11.000	0.000	7	0.387	3.115
j1024_2	10	22.000	22.000	0.000	40	0.867	35.090
j1024_3	10	16.000	16.000	0.000	12	0.818	10.190
j1024_4	10	23.000	23.000	0.000	90	1.305	117.791
j1024_5	10	22.000	22.000	0.000	34	1.038	35.702
j1024_6	10	26.000	26.000	0.000	50	1.399	70.365
j1024_7	10	27.000	27.000	0.000	61	1.007	61.828
j1024_8	10	40.000	40.000	0.000	106	1.310	139.296
j1024_9	10	16.000	16.000	0.000	40	1.155	46.634
j1024_10	10	24.000	24.000	0.000	38	0.869	33.364
j1026_1	10	22.000	22.000	0.000	28	0.829	23.629
j1026_2	10	16.000	16.000	0.000	10	0.678	7.151
j1026_3	10	26.000	26.000	0.000	33	0.836	28.009
j1026_4	10	22.000	22.000	0.000	15	0.735	11.442
j1026_5	10	27.000	27.000	0.000	88	1.125	99.429
j1026_6	10	28.000	28.000	0.000	108	1.024	111.043
j1026_7	10	22.000	22.000	0.000	24	0.904	22.135
j1026_8	10	24.000	24.000	0.000	32	0.844	27.435
j1026_9	10	18.000	18.000	0.000	4	0.370	1.853
j1026_10	10	24.000	24.000	0.000	24	1.038	25.291
j1027_1	10	24.000	24.000	0.000	37	1.010	37.783
j1027_2	10	18.000	18.000	0.000	30	0.898	27.361
j1027_3	10	23.000	23.000	0.000	47	0.890	42.217
j1027_4	10	23.000	23.000	0.000	57	1.237	70.904
j1027_5	10	25.000	25.000	0.000	27	0.996	27.289
j1027_6	10	22.000	22.000	0.000	22	0.799	17.988
j1027_7	10	16.000	16.000	0.000	36	0.913	33.241
j1027_8	10	19.000	19.000	0.000	26	0.861	22.792
j1027_9	10	25.000	25.000	0.000	27	0.945	25.881
j1027_10	10	22.000	22.000	0.000	28	0.733	20.941
j1028_1	10	30.000	30.000	0.000	86	1.074	92.803
j1028_2	10	39.000	39.000	0.000	84	0.929	78.498
j1028_3	10	33.000	33.000	0.000	88	1.010	89.245
j1028_4	10	26.000	26.000	0.000	56	1.091	61.570
j1028_5	10	28.000	28.000	0.000	103	1.301	134.401
j1028_6	10	13.000	13.000	0.000	4	0.407	2.032
j1028_7	10	24.000	24.000	0.000	29	0.838	24.714
j1028_8	10	26.000	26.000	0.000	76	1.076	82.209
j1028_9	10	18.000	18.000	0.000	32	0.878	28.516
j1028_10	10	28.000	28.000	0.000	77	1.069	82.714
j1029_1	10	24.000	24.000	0.000	35	0.827	29.362
j1029_2	10	20.000	20.000	0.000	28	0.984	27.950
j1029_3	10	25.000	25.000	0.000	67	0.968	65.272
j1029_4	10	27.000	27.000	0.000	48	1.035	50.010
j1029_5	10	27.000	27.000	0.000	28	0.936	26.579
j1029_6	10	26.000	26.000	0.000	29	0.790	23.318
j1029_7	10	23.000	23.000	0.000	18	0.919	16.921
j1029_8	10	15.000	15.000	0.000	8	0.606	5.255
j1029_9	10	22.000	22.000	0.000	20	0.771	15.838
j1029_10	10	25.000	25.000	0.000	36	1.113	40.525
j1030_1	10	23.000	23.000	0.000	34	1.104	37.957
j1030_2	10	17.000	17.000	0.000	20	0.697	14.358
j1030_3	10	27.000	27.000	0.000	72	1.149	83.122
j1030_4	10	19.000	19.000	0.000	24	1.065	25.981
j1030_5	10	38.000	38.000	0.000	193	1.338	258.576
j1030_6	10	35.000	35.000	0.000	73	1.076	79.001
j1030_7	10	20.000	20.000	0.000	25	0.921	23.400
j1030_8	10	20.000	20.000	0.000	20	0.821	16.838
j1030_9	10	22.000	22.000	0.000	109	1.140	124.715
j1030_10	10	27.000	27.000	0.000	28	0.850	24.213
j1031_1	10	27.000	27.000	0.000	27	0.969	26.570
j1031_2	10	24.000	24.000	0.000	68	0.841	57.568
j1031_3	10	24.000	24.000	0.000	22	0.755	17.006
j1031_4	10	27.000	27.000	0.000	65	0.892	58.429
j1031_5	10	23.000	23.000	0.000	21	1.055	22.575
j1031_6	10	32.000	32.000	0.000	30	1.036	31.462
j1031_7	10	22.000	22.000	0.000	35	0.949	33.542
j1031_8	10	26.000	26.000	0.000	35	0.851	30.164
j1031_9	10	22.000	22.000	0.000	16	0.674	11.179
j1031_10	10	19.000	19.000	0.000	17	0.882	15.391
j1032_1	10	26.000	26.000	0.000	155	1.008	156.649
j1032_2	10	18.000	18.000	0.000	120	1.297	156.046
j1032_3	10	31.000	31.000	0.000	52	1.206	63.093
j1032_4	10	19.000	19.000	0.000	30	0.839	25.590
j1032_5	10	17.000	17.000	0.000	16	0.729	12.054
j1032_6	10	27.000	27.000	0.000	62	1.213	75.577
j1032_7	10	26.000	26.000	0.000	24	0.801	19.664
j1032_8	10	19.000	19.000	0.000	32	0.872	28.346
j1032_9	10	23.000	23.000	0.000	23	1.150	26.849
j1032_10	10	21.000	21.000	0.000	35	0.843	29.921
j1034_1	10	37.000	23.000	0.378	9	355.279	3600.000
j1034_2	10	18.000	13.000	0.278	42	82.310	3600.000
j1034_3	10	35.000	23.000	0.343	2	943.664	3600.000
j1034_4	10	31.000	21.000	0.323	1	1265.269	3600.000
j1034_5	10	32.000	22.000	0.312	18	182.794	3600.000
j1034_6	10	46.000	29.000	0.370	4	681.737	3600.000
j1034_7	10	38.000	26.000	0.316	6	390.090	3600.000
j1034_8	10	28.000	19.000	0.321	2	604.927	3600.000
j1034_9	10	43.000	26.000	0.395	3	860.486	3600.000
j1034_10	10	19.000	14.000	0.263	15	201.835	3600.000
j1035_1	10	inf	-inf	nan	0	inf	3600.000
j1035_2	10	52.000	32.000	0.385	2	1085.464	3600.000
j1035_3	10	inf	-inf	nan	0	inf	3600.000
j1035_4	10	35.000	23.000	0.343	3	801.176	3600.000
j1035_5	10	36.000	24.000	0.333	13	254.339	3600.000
j1035_6	10	28.000	19.000	0.321	15	218.994	3600.000
j1035_7	10	32.000	22.000	0.312	6	431.818	3600.000
j1035_8	10	46.000	28.000	0.391	2	916.810	3600.000
j1035_9	10	25.000	18.000	0.280	75	46.913	3600.000
j1035_10	10	31.000	20.000	0.355	14	238.126	3600.000
j1036_1	10	51.000	32.000	0.373	18	181.177	3600.000
j1036_2	10	41.000	26.000	0.366	5	500.519	3600.000
j1036_3	10	24.000	17.000	0.292	20	169.565	3600.000
j1036_4	10	36.000	24.000	0.333	21	161.278	3600.000
j1036_5	10	inf	-inf	nan	0	inf	3600.000
j1036_6	10	34.000	22.000	0.353	10	315.447	3600.000
j1036_7	10	39.000	25.000	0.359	7	445.097	3600.000
j1036_8	10	36.000	23.000	0.361	14	213.372	3600.000
j1036_10	10	54.000	33.000	0.389	4	679.200	3600.000
j1037_1	10	36.000	24.000	0.333	34	102.239	3600.000
j1037_2	10	16.000	12.000	0.250	130	27.262	3600.000
j1037_3	10	30.000	20.000	0.333	20	167.615	3600.000
j1037_4	10	39.000	24.000	0.385	1	1613.064	3600.000
j1037_5	10	49.000	31.000	0.367	1	961.561	3600.000
j1037_6	10	34.000	22.000	0.353	1	1152.271	3600.000
j1037_7	10	33.000	22.000	0.333	1	1165.456	3600.000
j1037_8	10	44.000	27.000	0.386	3	718.289	3600.000
j1037_9	10	31.000	20.000	0.355	3	888.553	3600.000
j1037_10	10	inf	-inf	nan	0	inf	3600.000
j1038_1	10	43.000	28.000	0.349	143	24.951	3600.000
j1038_2	10	33.000	21.000	0.364	4	508.962	3600.000
j1038_3	10	31.000	21.000	0.323	20	166.857	3600.000
j1038_4	10	33.000	22.000	0.333	23	147.443	3600.000
j1038_5	10	26.000	19.000	0.269	73	46.332	3600.000
j1038_6	10	29.000	19.000	0.345	8	363.521	3600.000
j1038_7	10	37.000	24.000	0.351	30	113.612	3600.000
j1038_8	10	40.000	26.000	0.350	47	73.778	3600.000
j1038_9	10	42.000	27.000	0.357	24	139.647	3600.000
j1038_10	10	23.000	16.000	0.304	66	53.299	3600.000
j1039_1	10	26.000	18.000	0.308	2	831.428	3600.000
j1039_2	10	28.000	19.000	0.321	6	469.288	3600.000
j1039_3	10	41.000	27.000	0.341	7	430.586	3600.000
j1039_4	10	24.000	17.000	0.292	12	265.163	3600.000
j1039_5	10	49.000	30.000	0.388	2	800.155	3600.000
j1039_6	10	33.000	22.000	0.333	5	479.205	3600.000
j1039_7	10	21.000	17.000	0.190	63	56.064	3600.000
j1039_8	10	36.000	23.000	0.361	4	578.915	3600.000
j1039_9	10	39.000	25.000	0.359	13	241.089	3600.000
j1039_10	10	49.000	31.000	0.367	5	586.573	3600.000
j1040_1	10	27.000	19.000	0.296	3	896.945	3600.000
j1040_2	10	52.000	32.000	0.385	1	1027.758	3600.000
j1040_3	10	39.000	25.000	0.359	2	913.799	3600.000
j1040_5	10	32.000	22.000	0.312	40	87.723	3600.000
j1040_6	10	27.000	19.000	0.296	21	150.492	3600.000
j1040_7	10	44.000	28.000	0.364	4	694.917	3600.000
j1040_8	10	45.000	29.000	0.356	2	882.653	3600.000
j1040_9	10	30.000	19.000	0.367	10	299.009	3600.000
j1040_10	10	23.000	16.000	0.304	2	984.473	3600.000
j1042_1	10	27.000	18.000	0.333	29	113.242	3600.000
j1042_2	10	21.000	18.000	0.143	115	30.695	3600.000
j1042_3	10	40.000	28.000	0.300	53	65.698	3600.000
j1042_4	10	20.000	15.000	0.250	93	38.038	3600.000
j1042_5	10	32.000	32.000	0.000	88	2.538	223.712
j1042_6	10	17.000	13.000	0.235	147	24.125	3600.000
j1042_7	10	41.000	29.000	0.293	46	76.332	3600.000
j1042_8	10	28.000	22.000	0.214	36	92.840	3600.000
j1042_9	10	18.000	18.000	0.000	23	1.986	46.045
j1042_10	10	15.000	13.000	0.133	43	78.569	3600.000
j1043_1	10	29.000	20.000	0.310	27	127.853	3600.000
j1043_2	10	23.000	23.000	0.000	86	2.712	233.667
j1043_3	10	27.000	18.000	0.333	53	66.263	3600.000
j1043_4	10	22.000	22.000	0.000	88	30.932	2722.452
j1043_5	10	30.000	20.000	0.333	14	220.358	3600.000
j1043_6	10	25.000	19.000	0.240	119	29.979	3600.000
j1043_7	10	18.000	13.000	0.278	162	22.074	3600.000
j1043_8	10	33.000	33.000	0.000	167	2.718	454.290
j1043_9	10	18.000	18.000	0.000	12	1.921	23.449
j1043_10	10	26.000	17.000	0.346	14	230.674	3600.000
j1044_1	10	28.000	24.000	0.143	311	11.497	3600.000
j1044_2	10	25.000	19.000	0.240	68	51.857	3600.000
j1044_3	10	32.000	22.000	0.312	29	118.775	3600.000
j1044_4	10	39.000	27.000	0.308	40	86.538	3600.000
j1044_5	10	38.000	27.000	0.289	22	155.893	3600.000
j1044_7	10	23.000	18.000	0.217	95	37.475	3600.000
j1044_8	10	25.000	19.000	0.240	154	23.027	3600.000
j1044_9	10	26.000	21.000	0.192	74	47.852	3600.000
j1044_10	10	20.000	20.000	0.000	20	2.238	45.096
j1045_1	10	34.000	24.000	0.294	18	174.015	3600.000
j1045_2	10	20.000	18.000	0.100	63	55.312	3600.000
j1045_3	10	20.000	20.000	0.000	15	1.529	23.262
j1045_4	10	16.000	16.000	0.000	18	1.654	30.099
j1045_5	10	21.000	17.000	0.190	166	21.540	3600.000
j1045_6	10	19.000	19.000	0.000	152	20.091	3054.194
j1045_7	10	34.000	34.000	0.000	98	2.745	269.355
j1045_8	10	28.000	19.000	0.321	60	58.847	3600.000
j1045_9	10	24.000	24.000	0.000	28	1.978	55.830
j1045_10	10	32.000	21.000	0.344	43	80.119	3600.000
j1046_1	10	35.000	23.000	0.343	31	111.088	3600.000
j1046_2	10	17.000	16.000	0.059	81	43.866	3600.000
j1046_3	10	20.000	16.000	0.200	287	12.470	3600.000
j1046_4	10	25.000	20.000	0.200	21	143.603	3600.000
j1046_5	10	19.000	18.000	0.053	239	14.938	3600.000
j1046_6	10	28.000	23.000	0.179	26	130.529	3600.000
j1046_7	10	32.000	22.000	0.312	18	185.669	3600.000
j1046_8	10	26.000	19.000	0.269	92	38.183	3600.000
j1046_9	10	23.000	23.000	0.000	67	1.984	133.287
j1046_10	10	26.000	26.000	0.000	118	28.298	3339.494
j1047_1	10	31.000	21.000	0.323	55	64.244	3600.000
j1047_2	10	23.000	19.000	0.174	101	34.019	3600.000
j1047_3	10	27.000	21.000	0.222	96	37.075	3600.000
j1047_4	10	36.000	27.000	0.250	21	150.788	3600.000
j1047_5	10	21.000	17.000	0.190	37	93.137	3600.000
j1047_6	10	29.000	22.000	0.241	173	20.239	3600.000
j1047_7	10	25.000	19.000	0.240	57	60.735	3600.000
j1047_8	10	30.000	21.000	0.300	55	62.234	3600.000
j1047_9	10	20.000	18.000	0.100	101	34.634	3600.000
j1047_10	10	44.000	29.000	0.341	50	69.693	3600.000
j1048_1	10	25.000	19.000	0.240	120	29.509	3600.000
j1048_2	10	25.000	17.000	0.320	84	41.153	3600.000
j1048_3	10	21.000	21.000	0.000	16	1.718	27.832
j1048_4	10	15.000	14.000	0.067	363	9.881	3600.000
j1048_5	10	22.000	18.000	0.182	164	21.763	3600.000
j1048_6	10	21.000	18.000	0.143	200	17.882	3600.000
j1048_7	10	21.000	21.000	0.000	16	3.283	52.913
j1048_8	10	38.000	38.000	0.000	219	2.799	613.421
j1048_9	10	24.000	21.000	0.125	202	17.659	3600.000
j1048_10	10	26.000	19.000	0.269	54	64.934	3600.000
j1050_1	10	20.000	20.000	0.000	24	2.111	50.989
j1050_2	10	31.000	31.000	0.000	116	2.577	299.296
j1050_3	10	25.000	25.000	0.000	72	2.387	172.199
j1050_4	10	27.000	27.000	0.000	30	2.380	71.791
j1050_5	10	15.000	15.000	0.000	90	2.738	246.787
j1050_6	10	18.000	18.000	0.000	134	11.655	1562.096
j1050_7	10	41.000	41.000	0.000	281	2.957	831.307
j1050_8	10	17.000	17.000	0.000	9	1.215	11.270
j1050_9	10	33.000	33.000	0.000	72	16.825	1211.754
j1050_10	10	20.000	18.000	0.100	157	22.713	3600.000
j1051_1	10	37.000	32.000	0.135	247	14.437	3600.000
j1051_2	10	22.000	22.000	0.000	19	1.517	29.151
j1051_3	10	23.000	18.000	0.217	172	20.689	3600.000
j1051_4	10	27.000	27.000	0.000	76	2.191	166.840
j1051_5	10	47.000	47.000	0.000	274	2.518	690.364
j1051_6	10	13.000	13.000	0.000	10	1.150	11.821
j1051_7	10	33.000	33.000	0.000	171	2.186	374.122
j1051_8	10	22.000	22.000	0.000	20	1.591	32.162
j1051_9	10	30.000	30.000	0.000	98	1.869	183.476
j1051_10	10	19.000	19.000	0.000	15	1.151	17.645
j1052_1	10	17.000	15.000	0.118	150	23.141	3600.000
j1052_2	10	28.000	28.000	0.000	252	2.712	683.889
j1052_3	10	13.000	13.000	0.000	102	2.346	239.638
j1052_4	10	24.000	24.000	0.000	71	6.617	470.166
j1052_5	10	30.000	30.000	0.000	92	2.211	203.751
j1052_6	10	21.000	21.000	0.000	171	6.742	1153.205
j1052_7	10	25.000	22.000	0.120	50	70.564	3600.000
j1052_8	10	26.000	19.000	0.269	37	85.414	3600.000
j1052_9	10	28.000	21.000	0.250	60	57.114	3600.000
j1052_10	10	15.000	15.000	0.000	116	3.611	419.194
j1053_1	10	26.000	26.000	0.000	26	1.404	36.836
j1053_2	10	26.000	26.000	0.000	133	9.095	1209.940
j1053_3	10	35.000	35.000	0.000	347	3.338	1158.532
j1053_4	10	14.000	14.000	0.000	15	1.349	20.562
j1053_5	10	29.000	27.000	0.069	235	15.235	3600.000
j1053_6	10	29.000	27.000	0.069	204	17.351	3600.000
j1053_7	10	19.000	14.000	0.263	73	46.691	3600.000
j1053_8	10	27.000	22.000	0.185	63	54.823	3600.000
j1053_9	10	13.000	13.000	0.000	30	2.143	64.621
j1053_10	10	37.000	37.000	0.000	77	1.946	150.208
j1054_1	10	24.000	21.000	0.125	100	35.369	3600.000
j1054_2	10	32.000	32.000	0.000	105	1.777	186.948
j1054_3	10	33.000	33.000	0.000	95	1.515	144.223
j1054_4	10	24.000	24.000	0.000	34	1.691	57.814
j1054_5	10	22.000	22.000	0.000	80	1.172	94.121
j1054_6	10	20.000	20.000	0.000	31	1.843	57.460
j1054_7	10	29.000	29.000	0.000	48	1.740	83.869
j1054_8	10	14.000	14.000	0.000	43	2.543	109.719
j1054_9	10	27.000	20.000	0.259	126	28.090	3600.000
j1054_10	10	29.000	29.000	0.000	31	1.293	40.427
j1055_1	10	29.000	29.000	0.000	49	1.421	69.983
j1055_2	10	19.000	19.000	0.000	27	1.943	52.790
j1055_3	10	20.000	20.000	0.000	32	1.189	38.424
j1055_4	10	38.000	38.000	0.000	118	2.100	248.131
j1055_5	10	21.000	21.000	0.000	18	1.304	23.817
j1055_6	10	29.000	29.000	0.000	34	2.559	87.387
j1055_7	10	19.000	19.000	0.000	122	3.745	457.283
j1055_8	10	26.000	20.000	0.231	81	43.113	3600.000
j1055_9	10	19.000	19.000	0.000	19	2.355	45.085
j1055_10	10	27.000	27.000	0.000	95	2.023	192.573
j1056_1	10	22.000	22.000	0.000	117	13.338	1560.902
j1056_2	10	20.000	20.000	0.000	17	1.400	24.131
j1056_3	10	37.000	37.000	0.000	209	2.206	461.439
j1056_4	10	16.000	16.000	0.000	9	1.174	10.903
j1056_5	10	22.000	21.000	0.045	117	30.066	3600.000
j1056_6	10	21.000	19.000	0.095	190	18.805	3600.000
j1056_7	10	29.000	29.000	0.000	87	1.713	149.338
j1056_8	10	23.000	23.000	0.000	17	2.363	40.550
j1056_9	10	23.000	23.000	0.000	144	19.505	2809.057
j1056_10	10	22.000	22.000	0.000	119	9.831	1170.164
j1058_1	10	30.000	30.000	0.000	50	1.601	80.400
j1058_2	10	23.000	23.000	0.000	25	1.162	29.365
j1058_3	10	26.000	26.000	0.000	62	1.321	82.220
j1058_4	10	26.000	26.000	0.000	56	1.783	100.169
j1058_5	10	24.000	24.000	0.000	86	1.615	139.203
j1058_6	10	13.000	13.000	0.000	10	0.786	8.199
j1058_7	10	21.000	21.000	0.000	10	1.054	10.883
j1058_8	10	25.000	25.000	0.000	29	1.941	56.616
j1058_9	10	14.000	14.000	0.000	17	1.358	23.434
j1058_10	10	21.000	21.000	0.000	15	1.323	20.189
j1059_1	10	20.000	20.000	0.000	35	1.213	42.781
j1059_2	10	23.000	23.000	0.000	27	1.514	41.213
j1059_3	10	26.000	26.000	0.000	61	1.274	78.041
j1059_4	10	22.000	22.000	0.000	41	1.614	66.551
j1059_5	10	20.000	20.000	0.000	29	1.674	48.868
j1059_6	10	18.000	18.000	0.000	19	0.969	18.758
j1059_7	10	17.000	17.000	0.000	49	1.776	87.361
j1059_8	10	19.000	19.000	0.000	35	1.554	54.736
j1059_9	10	23.000	23.000	0.000	31	1.515	47.362
j1059_10	10	26.000	26.000	0.000	149	2.208	329.281
j1060_1	10	20.000	20.000	0.000	25	1.406	35.521
j1060_2	10	30.000	30.000	0.000	78	2.079	162.506
j1060_3	10	14.000	14.000	0.000	5	0.459	2.627
j1060_4	10	20.000	20.000	0.000	10	1.088	11.219
j1060_5	10	28.000	28.000	0.000	51	1.709	87.495
j1060_6	10	15.000	15.000	0.000	24	1.640	39.706
j1060_7	10	24.000	24.000	0.000	29	1.117	32.746
j1060_8	10	21.000	21.000	0.000	21	1.233	26.233
j1060_9	10	24.000	24.000	0.000	60	1.501	90.369
j1060_10	10	23.000	23.000	0.000	28	1.312	37.080
j1061_1	10	15.000	15.000	0.000	20	1.919	38.719
j1061_2	10	23.000	23.000	0.000	27	1.138	31.068
j1061_3	10	36.000	36.000	0.000	67	1.911	128.425
j1061_4	10	24.000	24.000	0.000	47	1.400	66.160
j1061_5	10	27.000	27.000	0.000	66	1.341	88.872
j1061_6	10	36.000	36.000	0.000	186	2.390	444.870
j1061_7	10	19.000	19.000	0.000	24	1.142	27.740
j1061_8	10	28.000	28.000	0.000	33	2.254	74.716
j1061_9	10	31.000	31.000	0.000	80	1.795	143.955
j1061_10	10	54.000	54.000	0.000	742	2.948	2187.421
j1062_1	10	19.000	19.000	0.000	17	1.010	17.570
j1062_2	10	30.000	30.000	0.000	58	1.807	105.133
j1062_3	10	18.000	18.000	0.000	19	1.421	27.319
j1062_4	10	18.000	18.000	0.000	23	1.355	31.491
j1062_5	10	30.000	30.000	0.000	36	1.342	48.643
j1062_6	10	30.000	30.000	0.000	66	2.048	135.520
j1062_7	10	13.000	13.000	0.000	5	0.496	2.822
j1062_8	10	17.000	17.000	0.000	14	1.066	15.261
j1062_9	10	23.000	23.000	0.000	26	1.236	32.508
j1062_10	10	27.000	27.000	0.000	27	1.525	41.502
j1063_1	10	23.000	23.000	0.000	31	1.323	41.369
j1063_2	10	27.000	27.000	0.000	128	1.967	252.079
j1063_3	10	27.000	27.000	0.000	75	1.577	118.649
j1063_4	10	19.000	19.000	0.000	14	1.165	16.657
j1063_5	10	17.000	17.000	0.000	36	1.771	64.111
j1063_6	10	22.000	22.000	0.000	12	2.076	25.296
j1063_7	10	24.000	24.000	0.000	40	1.284	51.691
j1063_8	10	12.000	12.000	0.000	28	1.194	33.782
j1063_9	10	15.000	15.000	0.000	8	0.876	7.339
j1063_10	10	14.000	14.000	0.000	18	0.903	16.584
j1064_1	10	26.000	26.000	0.000	27	1.402	38.197
j1064_2	10	23.000	23.000	0.000	36	1.340	48.608
j1064_3	10	22.000	22.000	0.000	46	1.959	90.471
j1064_4	10	21.000	21.000	0.000	11	0.503	5.882
j1064_5	10	26.000	26.000	0.000	93	1.641	152.943
j1064_6	10	18.000	18.000	0.000	17	1.146	19.815
j1064_7	10	18.000	18.000	0.000	26	1.202	31.581
j1064_8	10	22.000	22.000	0.000	14	1.082	15.495
j1064_9	10	28.000	28.000	0.000	30	1.161	35.209
j1064_10	10	23.000	23.000	0.000	51	1.494	76.554
