instance	Gamma	objval	objbound	gap	runtime
j102_2	7	29.000	29.000	0.000	8.417
j102_4	7	28.000	28.000	0.000	7.562
j102_5	7	22.000	22.000	0.000	20.771
j102_6	7	26.000	26.000	0.000	31.442
j102_7	7	42.000	42.000	0.000	27.859
j102_9	7	27.000	27.000	0.000	16.201
j102_10	7	40.000	40.000	0.000	95.598
j103_2	7	20.000	20.000	0.000	6.761
j103_3	7	29.000	29.000	0.000	20.378
j103_4	7	36.000	36.000	0.000	23.999
j103_5	7	32.000	32.000	0.000	26.176
j103_6	7	46.000	46.000	0.000	54.031
j103_7	7	22.000	22.000	0.000	6.464
j103_8	7	37.000	37.000	0.000	40.345
j103_9	7	32.000	32.000	0.000	12.367
j103_10	7	25.000	25.000	0.000	7.152
j104_1	7	43.000	43.000	0.000	10.748
j104_2	7	32.000	32.000	0.000	28.707
j104_3	7	37.000	37.000	0.000	11.022
j104_4	7	22.000	22.000	0.000	16.063
j104_5	7	49.000	49.000	0.000	25.838
j104_6	7	34.000	34.000	0.000	5.063
j104_8	7	30.000	30.000	0.000	29.924
j104_9	7	33.000	33.000	0.000	12.106
j104_10	7	24.000	24.000	0.000	2.762
j105_1	7	53.000	53.000	0.000	27.551
j105_3	7	20.000	20.000	0.000	1.134
j105_4	7	22.000	22.000	0.000	7.122
j105_6	7	27.000	27.000	0.000	5.153
j105_8	7	33.000	33.000	0.000	37.865
j105_10	7	25.000	25.000	0.000	10.533
j106_1	7	27.000	27.000	0.000	6.131
j106_3	7	36.000	36.000	0.000	5.703
j106_4	7	29.000	29.000	0.000	27.882
j106_5	7	57.000	57.000	0.000	42.375
j106_7	7	32.000	32.000	0.000	22.480
j106_8	7	29.000	29.000	0.000	15.320
j107_1	7	20.000	20.000	0.000	12.019
j107_2	7	35.000	35.000	0.000	20.231
j107_3	7	34.000	34.000	0.000	14.416
j107_4	7	24.000	24.000	0.000	4.363
j107_5	7	39.000	39.000	0.000	13.552
j107_6	7	59.000	59.000	0.000	63.203
j107_8	7	50.000	50.000	0.000	39.458
j107_9	7	46.000	46.000	0.000	24.917
j108_3	7	27.000	27.000	0.000	6.887
j108_5	7	40.000	40.000	0.000	17.373
j108_6	7	36.000	36.000	0.000	35.257
j108_7	7	32.000	32.000	0.000	11.478
j108_8	7	21.000	21.000	0.000	5.313
j108_10	7	36.000	36.000	0.000	22.220
j1010_1	7	26.000	26.000	0.000	3.060
j1010_2	7	35.000	35.000	0.000	3.101
j1010_3	7	32.000	32.000	0.000	2.811
j1010_4	7	24.000	24.000	0.000	1.644
j1010_5	7	34.000	34.000	0.000	1.536
j1010_6	7	20.000	20.000	0.000	6.061
j1010_7	7	20.000	20.000	0.000	1.274
j1010_8	7	18.000	18.000	0.000	2.548
j1010_9	7	15.000	15.000	0.000	1.266
j1010_10	7	20.000	20.000	0.000	2.657
j1011_1	7	31.000	31.000	0.000	2.403
j1011_2	7	16.000	16.000	0.000	0.413
j1011_3	7	19.000	19.000	0.000	0.676
j1011_4	7	38.000	38.000	0.000	3.199
j1011_5	7	24.000	24.000	0.000	2.758
j1011_6	7	23.000	23.000	0.000	1.015
j1011_7	7	17.000	17.000	0.000	5.704
j1011_8	7	23.000	23.000	0.000	3.341
j1011_9	7	24.000	24.000	0.000	1.349
j1011_10	7	33.000	33.000	0.000	1.477
j1012_1	7	25.000	25.000	0.000	3.021
j1012_2	7	24.000	24.000	0.000	3.273
j1012_3	7	25.000	25.000	0.000	5.183
j1012_4	7	27.000	27.000	0.000	1.152
j1012_5	7	21.000	21.000	0.000	0.868
j1012_6	7	35.000	35.000	0.000	2.290
j1012_7	7	19.000	19.000	0.000	1.791
j1012_8	7	30.000	30.000	0.000	2.259
j1012_9	7	33.000	33.000	0.000	1.185
j1012_10	7	14.000	14.000	0.000	1.147
j1013_1	7	25.000	25.000	0.000	0.341
j1013_2	7	28.000	28.000	0.000	1.876
j1013_3	7	27.000	27.000	0.000	1.957
j1013_4	7	31.000	31.000	0.000	1.142
j1013_5	7	16.000	16.000	0.000	3.776
j1013_6	7	28.000	28.000	0.000	6.038
j1013_7	7	19.000	19.000	0.000	2.156
j1013_8	7	15.000	15.000	0.000	0.810
j1013_9	7	23.000	23.000	0.000	5.666
j1013_10	7	20.000	20.000	0.000	3.015
j1014_1	7	21.000	21.000	0.000	0.947
j1014_2	7	22.000	22.000	0.000	2.465
j1014_3	7	30.000	30.000	0.000	2.272
j1014_4	7	27.000	27.000	0.000	1.079
j1014_5	7	30.000	30.000	0.000	2.575
j1014_6	7	23.000	23.000	0.000	7.174
j1014_7	7	24.000	24.000	0.000	2.474
j1014_8	7	30.000	30.000	0.000	2.489
j1014_9	7	32.000	32.000	0.000	3.190
j1014_10	7	14.000	14.000	0.000	2.430
j1015_1	7	20.000	20.000	0.000	2.447
j1015_2	7	39.000	39.000	0.000	4.114
j1015_3	7	23.000	23.000	0.000	4.145
j1015_4	7	16.000	16.000	0.000	1.405
j1015_5	7	10.000	10.000	0.000	1.707
j1015_6	7	30.000	30.000	0.000	4.742
j1015_7	7	13.000	13.000	0.000	1.185
j1015_8	7	16.000	16.000	0.000	1.430
j1015_9	7	21.000	21.000	0.000	6.457
j1015_10	7	27.000	27.000	0.000	4.132
j1016_1	7	21.000	21.000	0.000	2.045
j1016_2	7	27.000	27.000	0.000	0.605
j1016_3	7	18.000	18.000	0.000	2.785
j1016_4	7	33.000	33.000	0.000	2.284
j1016_5	7	40.000	40.000	0.000	1.535
j1016_6	7	33.000	33.000	0.000	9.071
j1016_7	7	19.000	19.000	0.000	1.813
j1016_8	7	13.000	13.000	0.000	3.772
j1016_9	7	25.000	25.000	0.000	2.347
j1016_10	7	42.000	42.000	0.000	1.852
j1018_1	7	21.000	21.000	0.000	2.144
j1018_2	7	24.000	24.000	0.000	3.083
j1018_3	7	25.000	25.000	0.000	1.350
j1018_4	7	28.000	28.000	0.000	2.541
j1018_5	7	20.000	20.000	0.000	1.250
j1018_6	7	24.000	24.000	0.000	0.710
j1018_7	7	19.000	19.000	0.000	1.027
j1018_8	7	25.000	25.000	0.000	0.536
j1018_9	7	21.000	21.000	0.000	2.486
j1018_10	7	23.000	23.000	0.000	1.705
j1019_1	7	21.000	21.000	0.000	1.732
j1019_2	7	24.000	24.000	0.000	0.395
j1019_3	7	26.000	26.000	0.000	1.357
j1019_4	7	24.000	24.000	0.000	3.269
j1019_5	7	20.000	20.000	0.000	1.086
j1019_6	7	26.000	26.000	0.000	0.382
j1019_7	7	22.000	22.000	0.000	1.632
j1019_8	7	22.000	22.000	0.000	0.908
j1019_9	7	18.000	18.000	0.000	2.376
j1019_10	7	16.000	16.000	0.000	0.678
j1020_1	7	18.000	18.000	0.000	0.626
j1020_2	7	28.000	28.000	0.000	2.290
j1020_3	7	34.000	34.000	0.000	2.328
j1020_4	7	27.000	27.000	0.000	2.502
j1020_5	7	19.000	19.000	0.000	1.853
j1020_6	7	31.000	31.000	0.000	3.378
j1020_8	7	18.000	18.000	0.000	1.827
j1020_9	7	14.000	14.000	0.000	0.692
j1020_10	7	16.000	16.000	0.000	1.350
j1021_1	7	27.000	27.000	0.000	0.610
j1021_2	7	19.000	19.000	0.000	0.393
j1021_3	7	42.000	42.000	0.000	1.685
j1021_4	7	18.000	18.000	0.000	1.912
j1021_5	7	37.000	37.000	0.000	1.707
j1021_6	7	21.000	21.000	0.000	1.336
j1021_7	7	17.000	17.000	0.000	0.495
j1021_8	7	19.000	19.000	0.000	6.109
j1021_9	7	19.000	19.000	0.000	5.420
j1021_10	7	25.000	25.000	0.000	1.191
j1022_1	7	28.000	28.000	0.000	3.127
j1022_2	7	16.000	16.000	0.000	1.443
j1022_3	7	31.000	31.000	0.000	2.965
j1022_4	7	21.000	21.000	0.000	1.077
j1022_5	7	19.000	19.000	0.000	0.615
j1022_6	7	24.000	24.000	0.000	2.042
j1022_7	7	12.000	12.000	0.000	1.469
j1022_8	7	27.000	27.000	0.000	2.799
j1022_9	7	29.000	29.000	0.000	0.773
j1022_10	7	26.000	26.000	0.000	2.375
j1023_1	7	21.000	21.000	0.000	1.292
j1023_2	7	23.000	23.000	0.000	0.753
j1023_3	7	25.000	25.000	0.000	1.409
j1023_4	7	24.000	24.000	0.000	1.285
j1023_5	7	23.000	23.000	0.000	0.705
j1023_6	7	28.000	28.000	0.000	2.744
j1023_8	7	29.000	29.000	0.000	5.217
j1023_9	7	17.000	17.000	0.000	0.925
j1023_10	7	24.000	24.000	0.000	0.347
j1024_1	7	11.000	11.000	0.000	1.209
j1024_2	7	22.000	22.000	0.000	0.502
j1024_3	7	16.000	16.000	0.000	1.094
j1024_4	7	23.000	23.000	0.000	3.637
j1024_5	7	22.000	22.000	0.000	0.553
j1024_6	7	26.000	26.000	0.000	1.770
j1024_7	7	27.000	27.000	0.000	0.592
j1024_8	7	40.000	40.000	0.000	1.084
j1024_9	7	16.000	16.000	0.000	1.061
j1024_10	7	24.000	24.000	0.000	1.425
j1026_1	7	22.000	22.000	0.000	0.590
j1026_2	7	16.000	16.000	0.000	0.830
j1026_3	7	26.000	26.000	0.000	1.111
j1026_4	7	22.000	22.000	0.000	0.820
j1026_5	7	27.000	27.000	0.000	0.744
j1026_6	7	28.000	28.000	0.000	1.129
j1026_7	7	22.000	22.000	0.000	0.862
j1026_8	7	24.000	24.000	0.000	0.870
j1026_9	7	18.000	18.000	0.000	0.371
j1026_10	7	24.000	24.000	0.000	1.084
j1027_1	7	24.000	24.000	0.000	1.120
j1027_2	7	18.000	18.000	0.000	0.353
j1027_3	7	23.000	23.000	0.000	0.485
j1027_4	7	23.000	23.000	0.000	1.457
j1027_5	7	25.000	25.000	0.000	1.117
j1027_6	7	22.000	22.000	0.000	0.862
j1027_7	7	16.000	16.000	0.000	0.714
j1027_8	7	19.000	19.000	0.000	0.544
j1027_9	7	25.000	25.000	0.000	0.957
j1027_10	7	22.000	22.000	0.000	0.767
j1028_1	7	30.000	30.000	0.000	0.692
j1028_2	7	39.000	39.000	0.000	1.747
j1028_3	7	33.000	33.000	0.000	1.327
j1028_4	7	26.000	26.000	0.000	0.828
j1028_5	7	28.000	28.000	0.000	2.911
j1028_6	7	13.000	13.000	0.000	0.604
j1028_7	7	24.000	24.000	0.000	1.248
j1028_8	7	26.000	26.000	0.000	1.907
j1028_9	7	18.000	18.000	0.000	0.908
j1028_10	7	28.000	28.000	0.000	1.607
j1029_1	7	24.000	24.000	0.000	0.583
j1029_2	7	20.000	20.000	0.000	0.639
j1029_3	7	25.000	25.000	0.000	1.754
j1029_4	7	27.000	27.000	0.000	0.833
j1029_5	7	27.000	27.000	0.000	1.503
j1029_6	7	26.000	26.000	0.000	1.363
j1029_7	7	23.000	23.000	0.000	1.036
j1029_8	7	15.000	15.000	0.000	0.396
j1029_9	7	22.000	22.000	0.000	1.373
j1029_10	7	25.000	25.000	0.000	1.964
j1030_1	7	23.000	23.000	0.000	0.732
j1030_2	7	17.000	17.000	0.000	0.870
j1030_3	7	27.000	27.000	0.000	0.667
j1030_4	7	19.000	19.000	0.000	0.404
j1030_5	7	38.000	38.000	0.000	0.863
j1030_6	7	35.000	35.000	0.000	0.598
j1030_7	7	20.000	20.000	0.000	0.317
j1030_8	7	20.000	20.000	0.000	0.625
j1030_9	7	22.000	22.000	0.000	1.309
j1030_10	7	27.000	27.000	0.000	2.089
j1031_1	7	27.000	27.000	0.000	0.663
j1031_2	7	24.000	24.000	0.000	1.548
j1031_3	7	24.000	24.000	0.000	0.704
j1031_4	7	27.000	27.000	0.000	2.853
j1031_5	7	23.000	23.000	0.000	0.377
j1031_6	7	32.000	32.000	0.000	1.040
j1031_7	7	22.000	22.000	0.000	0.365
j1031_8	7	26.000	26.000	0.000	0.527
j1031_9	7	22.000	22.000	0.000	0.289
j1031_10	7	19.000	19.000	0.000	1.110
j1032_1	7	26.000	26.000	0.000	0.726
j1032_2	7	18.000	18.000	0.000	0.789
j1032_3	7	31.000	31.000	0.000	2.399
j1032_4	7	19.000	19.000	0.000	0.548
j1032_5	7	17.000	17.000	0.000	0.683
j1032_6	7	27.000	27.000	0.000	0.845
j1032_7	7	26.000	26.000	0.000	0.823
j1032_8	7	19.000	19.000	0.000	1.363
j1032_9	7	23.000	23.000	0.000	0.576
j1032_10	7	21.000	21.000	0.000	0.759
j1034_1	7	37.000	37.000	0.000	128.911
j1034_2	7	18.000	18.000	0.000	36.568
j1034_3	7	35.000	35.000	0.000	318.302
j1034_4	7	31.000	31.000	0.000	1033.412
j1034_5	7	32.000	32.000	0.000	147.844
j1034_6	7	46.000	46.000	0.000	1013.378
j1034_7	7	38.000	38.000	0.000	191.396
j1034_8	7	28.000	28.000	0.000	232.956
j1034_9	7	42.000	42.000	0.000	407.391
j1034_10	7	19.000	19.000	0.000	186.636
j1035_1	7	45.000	45.000	0.000	260.722
j1035_2	7	52.000	52.000	0.000	1061.514
j1035_3	7	55.000	55.000	0.000	1832.800
j1035_4	7	35.000	35.000	0.000	175.245
j1035_5	7	36.000	36.000	0.000	105.382
j1035_6	7	28.000	28.000	0.000	48.186
j1035_7	7	32.000	32.000	0.000	160.133
j1035_8	7	44.000	44.000	0.000	165.040
j1035_9	7	25.000	25.000	0.000	38.046
j1035_10	7	31.000	31.000	0.000	91.839
j1036_1	7	51.000	51.000	0.000	40.695
j1036_2	7	40.000	40.000	0.000	996.636
j1036_3	7	24.000	24.000	0.000	63.248
j1036_4	7	36.000	36.000	0.000	36.480
j1036_5	7	35.000	23.000	0.343	3600.004
j1036_6	7	34.000	34.000	0.000	41.534
j1036_7	7	39.000	39.000	0.000	36.410
j1036_8	7	36.000	36.000	0.000	112.359
j1036_10	7	53.000	53.000	0.000	757.583
j1037_1	7	36.000	36.000	0.000	36.191
j1037_2	7	16.000	16.000	0.000	31.210
j1037_3	7	30.000	30.000	0.000	46.031
j1037_4	7	39.000	39.000	0.000	358.337
j1037_5	7	49.000	49.000	0.000	222.372
j1037_6	7	34.000	34.000	0.000	521.593
j1037_7	7	32.000	32.000	0.000	750.250
j1037_8	7	43.000	43.000	0.000	301.812
j1037_9	7	31.000	31.000	0.000	299.858
j1037_10	7	48.000	48.000	0.000	1321.393
j1038_1	7	43.000	43.000	0.000	20.621
j1038_2	7	33.000	33.000	0.000	366.377
j1038_3	7	31.000	31.000	0.000	71.642
j1038_4	7	33.000	33.000	0.000	181.797
j1038_5	7	26.000	26.000	0.000	18.234
j1038_6	7	29.000	29.000	0.000	56.040
j1038_7	7	37.000	37.000	0.000	97.901
j1038_8	7	40.000	40.000	0.000	51.632
j1038_9	7	42.000	42.000	0.000	94.801
j1038_10	7	23.000	23.000	0.000	26.014
j1039_1	7	26.000	26.000	0.000	419.427
j1039_2	7	28.000	28.000	0.000	138.660
j1039_3	7	41.000	41.000	0.000	83.887
j1039_4	7	24.000	24.000	0.000	239.034
j1039_5	7	49.000	48.999	0.000	341.680
j1039_6	7	33.000	33.000	0.000	129.486
j1039_7	7	21.000	21.000	0.000	17.633
j1039_8	7	36.000	36.000	0.000	410.788
j1039_9	7	39.000	39.000	0.000	93.403
j1039_10	7	49.000	49.000	0.000	108.252
j1040_1	7	27.000	27.000	0.000	1908.236
j1040_2	7	52.000	52.000	0.000	589.685
j1040_3	7	39.000	39.000	0.000	1022.892
j1040_5	7	32.000	32.000	0.000	25.035
j1040_6	7	27.000	27.000	0.000	58.683
j1040_7	7	43.000	43.000	0.000	319.467
j1040_8	7	45.000	45.000	0.000	419.181
j1040_9	7	30.000	30.000	0.000	369.746
j1040_10	7	23.000	23.000	0.000	226.596
j1042_1	7	27.000	27.000	0.000	21.633
j1042_2	7	21.000	21.000	0.000	3.642
j1042_3	7	40.000	40.000	0.000	12.125
j1042_4	7	20.000	20.000	0.000	8.141
j1042_5	7	32.000	32.000	0.000	3.890
j1042_6	7	17.000	17.000	0.000	6.935
j1042_7	7	41.000	41.000	0.000	12.572
j1042_8	7	28.000	28.000	0.000	12.795
j1042_9	7	18.000	18.000	0.000	2.788
j1042_10	7	15.000	15.000	0.000	27.009
j1043_1	7	29.000	29.000	0.000	19.446
j1043_2	7	23.000	23.000	0.000	3.484
j1043_3	7	27.000	27.000	0.000	23.630
j1043_4	7	22.000	22.000	0.000	6.250
j1043_5	7	30.000	30.000	0.000	24.939
j1043_6	7	25.000	25.000	0.000	8.716
j1043_7	7	18.000	18.000	0.000	7.647
j1043_8	7	33.000	33.000	0.000	2.788
j1043_9	7	18.000	18.000	0.000	3.110
j1043_10	7	26.000	26.000	0.000	33.527
j1044_1	7	28.000	28.000	0.000	5.542
j1044_2	7	25.000	25.000	0.000	16.542
j1044_3	7	32.000	32.000	0.000	19.051
j1044_4	7	39.000	39.000	0.000	17.320
j1044_5	7	38.000	38.000	0.000	15.936
j1044_7	7	23.000	23.000	0.000	9.804
j1044_8	7	25.000	25.000	0.000	19.221
j1044_9	7	26.000	26.000	0.000	4.536
j1044_10	7	20.000	20.000	0.000	2.410
j1045_1	7	34.000	34.000	0.000	17.172
j1045_2	7	20.000	20.000	0.000	8.331
j1045_3	7	20.000	20.000	0.000	3.071
j1045_4	7	16.000	16.000	0.000	3.227
j1045_5	7	21.000	21.000	0.000	6.580
j1045_6	7	19.000	19.000	0.000	3.667
j1045_7	7	34.000	34.000	0.000	3.622
j1045_8	7	28.000	28.000	0.000	18.343
j1045_9	7	24.000	24.000	0.000	2.995
j1045_10	7	32.000	32.000	0.000	29.734
j1046_1	7	35.000	35.000	0.000	157.790
j1046_2	7	17.000	17.000	0.000	10.530
j1046_3	7	20.000	20.000	0.000	7.531
j1046_4	7	25.000	25.000	0.000	14.390
j1046_5	7	19.000	19.000	0.000	3.089
j1046_6	7	28.000	28.000	0.000	19.051
j1046_7	7	32.000	32.000	0.000	20.607
j1046_8	7	26.000	26.000	0.000	10.163
j1046_9	7	23.000	23.000	0.000	3.718
j1046_10	7	26.000	26.000	0.000	2.428
j1047_1	7	31.000	31.000	0.000	19.610
j1047_2	7	23.000	23.000	0.000	8.906
j1047_3	7	27.000	27.000	0.000	7.374
j1047_4	7	36.000	36.000	0.000	27.052
j1047_5	7	21.000	21.000	0.000	6.766
j1047_6	7	29.000	29.000	0.000	18.177
j1047_7	7	25.000	25.000	0.000	16.131
j1047_8	7	30.000	30.000	0.000	10.047
j1047_9	7	20.000	20.000	0.000	5.225
j1047_10	7	44.000	44.000	0.000	27.613
j1048_1	7	25.000	25.000	0.000	14.167
j1048_2	7	25.000	25.000	0.000	20.269
j1048_3	7	21.000	21.000	0.000	2.824
j1048_4	7	15.000	15.000	0.000	4.608
j1048_5	7	22.000	22.000	0.000	6.983
j1048_6	7	21.000	21.000	0.000	11.968
j1048_7	7	21.000	21.000	0.000	3.655
j1048_8	7	38.000	38.000	0.000	3.427
j1048_9	7	24.000	24.000	0.000	3.367
j1048_10	7	26.000	26.000	0.000	22.222
j1050_1	7	20.000	20.000	0.000	2.276
j1050_2	7	31.000	31.000	0.000	3.133
j1050_3	7	25.000	25.000	0.000	2.030
j1050_4	7	27.000	27.000	0.000	4.322
j1050_5	7	15.000	15.000	0.000	2.967
j1050_6	7	18.000	18.000	0.000	3.351
j1050_7	7	41.000	41.000	0.000	3.025
j1050_8	7	17.000	17.000	0.000	2.028
j1050_9	7	33.000	33.000	0.000	3.445
j1050_10	7	20.000	20.000	0.000	4.280
j1051_1	7	37.000	37.000	0.000	2.682
j1051_2	7	22.000	22.000	0.000	1.107
j1051_3	7	23.000	23.000	0.000	21.598
j1051_4	7	27.000	27.000	0.000	3.144
j1051_5	7	47.000	47.000	0.000	1.526
j1051_6	7	13.000	13.000	0.000	1.998
j1051_7	7	33.000	33.000	0.000	3.442
j1051_8	7	22.000	22.000	0.000	0.818
j1051_9	7	30.000	30.000	0.000	2.142
j1051_10	7	19.000	19.000	0.000	1.646
j1052_1	7	17.000	17.000	0.000	3.370
j1052_2	7	28.000	28.000	0.000	3.485
j1052_3	7	13.000	13.000	0.000	4.135
j1052_4	7	24.000	24.000	0.000	2.326
j1052_5	7	30.000	30.000	0.000	2.583
j1052_6	7	21.000	21.000	0.000	2.238
j1052_7	7	25.000	25.000	0.000	3.739
j1052_8	7	26.000	26.000	0.000	2.674
j1052_9	7	28.000	28.000	0.000	4.777
j1052_10	7	15.000	15.000	0.000	2.863
j1053_1	7	26.000	26.000	0.000	2.723
j1053_2	7	26.000	26.000	0.000	1.881
j1053_3	7	35.000	35.000	0.000	3.398
j1053_4	7	14.000	14.000	0.000	2.782
j1053_5	7	29.000	29.000	0.000	3.003
j1053_6	7	29.000	29.000	0.000	3.459
j1053_7	7	19.000	19.000	0.000	27.466
j1053_8	7	27.000	27.000	0.000	3.971
j1053_9	7	13.000	13.000	0.000	2.605
j1053_10	7	37.000	37.000	0.000	0.780
j1054_1	7	24.000	24.000	0.000	3.892
j1054_2	7	32.000	32.000	0.000	3.536
j1054_3	7	33.000	33.000	0.000	1.708
j1054_4	7	24.000	24.000	0.000	0.861
j1054_5	7	22.000	22.000	0.000	0.998
j1054_6	7	20.000	20.000	0.000	2.772
j1054_7	7	29.000	29.000	0.000	2.646
j1054_8	7	14.000	14.000	0.000	2.787
j1054_9	7	27.000	27.000	0.000	5.335
j1054_10	7	29.000	29.000	0.000	2.485
j1055_1	7	29.000	29.000	0.000	1.202
j1055_2	7	19.000	19.000	0.000	3.178
j1055_3	7	20.000	20.000	0.000	2.082
j1055_4	7	38.000	38.000	0.000	3.044
j1055_5	7	21.000	21.000	0.000	1.888
j1055_6	7	29.000	29.000	0.000	3.436
j1055_7	7	19.000	19.000	0.000	2.301
j1055_8	7	26.000	26.000	0.000	15.303
j1055_9	7	19.000	19.000	0.000	3.997
j1055_10	7	27.000	27.000	0.000	1.233
j1056_1	7	22.000	22.000	0.000	3.166
j1056_2	7	20.000	20.000	0.000	1.608
j1056_3	7	37.000	37.000	0.000	3.527
j1056_4	7	16.000	16.000	0.000	2.451
j1056_5	7	22.000	22.000	0.000	4.156
j1056_6	7	21.000	21.000	0.000	3.440
j1056_7	7	29.000	29.000	0.000	1.346
j1056_8	7	23.000	23.000	0.000	4.600
j1056_9	7	23.000	23.000	0.000	3.700
j1056_10	7	22.000	22.000	0.000	2.569
j1058_1	7	30.000	30.000	0.000	1.247
j1058_2	7	23.000	23.000	0.000	1.735
j1058_3	7	26.000	26.000	0.000	1.595
j1058_4	7	26.000	26.000	0.000	2.570
j1058_5	7	24.000	24.000	0.000	0.941
j1058_6	7	13.000	13.000	0.000	1.225
j1058_7	7	21.000	21.000	0.000	0.837
j1058_8	7	25.000	25.000	0.000	0.330
j1058_9	7	14.000	14.000	0.000	2.568
j1058_10	7	21.000	21.000	0.000	1.494
j1059_1	7	20.000	20.000	0.000	1.952
j1059_2	7	23.000	23.000	0.000	1.279
j1059_3	7	26.000	26.000	0.000	1.345
j1059_4	7	22.000	22.000	0.000	1.644
j1059_5	7	20.000	20.000	0.000	1.216
j1059_6	7	18.000	18.000	0.000	1.345
j1059_7	7	17.000	17.000	0.000	1.406
j1059_8	7	19.000	19.000	0.000	1.566
j1059_9	7	23.000	23.000	0.000	2.138
j1059_10	7	26.000	26.000	0.000	2.430
j1060_1	7	20.000	20.000	0.000	1.413
j1060_2	7	30.000	30.000	0.000	0.722
j1060_3	7	14.000	14.000	0.000	1.213
j1060_4	7	20.000	20.000	0.000	0.546
j1060_5	7	28.000	28.000	0.000	2.024
j1060_6	7	15.000	15.000	0.000	2.588
j1060_7	7	24.000	24.000	0.000	2.931
j1060_8	7	21.000	21.000	0.000	1.872
j1060_9	7	24.000	24.000	0.000	1.231
j1060_10	7	23.000	23.000	0.000	1.048
j1061_1	7	15.000	15.000	0.000	2.576
j1061_2	7	23.000	23.000	0.000	1.262
j1061_3	7	36.000	36.000	0.000	0.848
j1061_4	7	24.000	24.000	0.000	1.298
j1061_5	7	27.000	27.000	0.000	2.505
j1061_6	7	36.000	36.000	0.000	1.509
j1061_7	7	19.000	19.000	0.000	0.735
j1061_8	7	28.000	28.000	0.000	2.289
j1061_9	7	31.000	31.000	0.000	2.023
j1061_10	7	54.000	54.000	0.000	1.684
j1062_1	7	19.000	19.000	0.000	0.851
j1062_2	7	30.000	30.000	0.000	2.127
j1062_3	7	18.000	18.000	0.000	2.912
j1062_4	7	18.000	18.000	0.000	0.749
j1062_5	7	30.000	30.000	0.000	1.070
j1062_6	7	30.000	30.000	0.000	1.837
j1062_7	7	13.000	13.000	0.000	1.846
j1062_8	7	17.000	17.000	0.000	0.905
j1062_9	7	23.000	23.000	0.000	1.265
j1062_10	7	27.000	27.000	0.000	0.929
j1063_1	7	23.000	23.000	0.000	1.454
j1063_2	7	27.000	27.000	0.000	1.705
j1063_3	7	27.000	27.000	0.000	2.625
j1063_4	7	19.000	19.000	0.000	0.918
j1063_5	7	17.000	17.000	0.000	1.709
j1063_6	7	22.000	22.000	0.000	2.311
j1063_7	7	24.000	24.000	0.000	0.553
j1063_8	7	12.000	12.000	0.000	1.035
j1063_9	7	15.000	15.000	0.000	1.814
j1063_10	7	14.000	14.000	0.000	1.578
j1064_1	7	26.000	26.000	0.000	0.335
j1064_2	7	23.000	23.000	0.000	0.872
j1064_3	7	22.000	22.000	0.000	1.606
j1064_4	7	21.000	21.000	0.000	0.616
j1064_5	7	26.000	26.000	0.000	2.450
j1064_6	7	18.000	18.000	0.000	1.590
j1064_7	7	18.000	18.000	0.000	0.969
j1064_8	7	22.000	22.000	0.000	0.867
j1064_9	7	28.000	28.000	0.000	2.318
j1064_10	7	23.000	23.000	0.000	1.113
