instance	Gamma	objval	objbound	gap	n_iterations	avg_iteration	runtime
j102_2	0	18.000	18.000	0.000	1	0.661	0.773
j102_4	0	18.000	18.000	0.000	1	0.826	0.935
j102_5	0	14.000	14.000	0.000	1	3.080	3.193
j102_6	0	16.000	16.000	0.000	1	2.006	2.119
j102_7	0	25.000	25.000	0.000	1	0.933	1.045
j102_9	0	17.000	17.000	0.000	1	1.097	1.207
j102_10	0	25.000	25.000	0.000	1	5.169	5.306
j103_2	0	13.000	13.000	0.000	1	0.809	0.914
j103_3	0	18.000	18.000	0.000	1	1.254	1.361
j103_4	0	23.000	23.000	0.000	1	1.054	1.160
j103_5	0	19.000	19.000	0.000	1	1.286	1.395
j103_6	0	29.000	29.000	0.000	1	4.073	4.184
j103_7	0	14.000	14.000	0.000	1	0.346	0.455
j103_8	0	23.000	23.000	0.000	1	3.308	3.418
j103_9	0	20.000	20.000	0.000	1	0.941	1.110
j103_10	0	16.000	16.000	0.000	1	0.384	0.492
j104_1	0	27.000	27.000	0.000	1	1.212	1.328
j104_2	0	20.000	20.000	0.000	1	1.512	1.621
j104_3	0	23.000	23.000	0.000	1	1.126	1.237
j104_4	0	15.000	15.000	0.000	1	2.029	2.146
j104_5	0	31.000	31.000	0.000	1	3.045	3.154
j104_6	0	21.000	21.000	0.000	1	0.380	0.490
j104_8	0	19.000	19.000	0.000	1	2.167	2.289
j104_9	0	21.000	21.000	0.000	1	1.015	1.121
j104_10	0	15.000	15.000	0.000	1	0.733	0.841
j105_1	0	32.000	32.000	0.000	1	1.567	1.677
j105_3	0	13.000	13.000	0.000	1	0.161	0.277
j105_4	0	14.000	14.000	0.000	1	0.561	0.671
j105_6	0	17.000	17.000	0.000	1	0.238	0.349
j105_8	0	21.000	21.000	0.000	1	3.585	3.719
j105_10	0	16.000	16.000	0.000	1	0.806	0.913
j106_1	0	17.000	17.000	0.000	1	0.479	0.589
j106_3	0	22.000	22.000	0.000	1	0.609	0.719
j106_4	0	19.000	19.000	0.000	1	2.323	2.432
j106_5	0	35.000	35.000	0.000	1	4.412	4.519
j106_7	0	20.000	20.000	0.000	1	2.190	2.300
j106_8	0	19.000	19.000	0.000	1	1.266	1.381
j107_1	0	13.000	13.000	0.000	1	0.425	0.556
j107_2	0	21.000	21.000	0.000	1	1.142	1.255
j107_3	0	21.000	21.000	0.000	1	1.289	1.398
j107_4	0	16.000	16.000	0.000	1	0.471	0.579
j107_5	0	24.000	24.000	0.000	1	0.837	0.944
j107_6	0	36.000	36.000	0.000	1	5.704	5.817
j107_8	0	31.000	31.000	0.000	1	3.727	3.835
j107_9	0	28.000	28.000	0.000	1	2.711	2.822
j108_3	0	17.000	17.000	0.000	1	0.227	0.355
j108_5	0	25.000	25.000	0.000	1	1.775	1.892
j108_6	0	23.000	23.000	0.000	1	1.488	1.595
j108_7	0	20.000	20.000	0.000	1	1.860	1.969
j108_8	0	14.000	14.000	0.000	1	0.797	0.907
j108_10	0	23.000	23.000	0.000	1	1.452	1.561
j1010_1	0	17.000	17.000	0.000	1	0.245	0.353
j1010_2	0	22.000	22.000	0.000	1	0.343	0.452
j1010_3	0	21.000	21.000	0.000	1	0.180	0.288
j1010_4	0	15.000	15.000	0.000	1	0.210	0.318
j1010_5	0	22.000	22.000	0.000	1	0.302	0.427
j1010_6	0	13.000	13.000	0.000	1	0.635	0.745
j1010_7	0	13.000	13.000	0.000	1	0.213	0.331
j1010_8	0	11.000	11.000	0.000	1	0.431	0.548
j1010_9	0	10.000	10.000	0.000	1	0.193	0.309
j1010_10	0	13.000	13.000	0.000	1	0.360	0.488
j1011_1	0	20.000	20.000	0.000	1	0.179	0.289
j1011_2	0	11.000	11.000	0.000	1	0.153	0.264
j1011_3	0	12.000	12.000	0.000	1	0.235	0.348
j1011_4	0	23.000	23.000	0.000	1	0.293	0.416
j1011_5	0	15.000	15.000	0.000	1	0.230	0.340
j1011_6	0	15.000	15.000	0.000	1	0.141	0.250
j1011_7	0	11.000	11.000	0.000	1	0.264	0.380
j1011_8	0	14.000	14.000	0.000	1	0.193	0.324
j1011_9	0	16.000	16.000	0.000	1	0.281	0.391
j1011_10	0	21.000	21.000	0.000	1	0.252	0.364
j1012_1	0	15.000	15.000	0.000	1	0.191	0.304
j1012_2	0	15.000	15.000	0.000	1	0.432	0.538
j1012_3	0	16.000	16.000	0.000	1	0.253	0.372
j1012_4	0	17.000	17.000	0.000	1	0.228	0.339
j1012_5	0	13.000	13.000	0.000	1	0.360	0.473
j1012_6	0	22.000	22.000	0.000	1	0.404	0.532
j1012_7	0	12.000	12.000	0.000	1	0.239	0.360
j1012_8	0	19.000	19.000	0.000	1	0.179	0.293
j1012_9	0	21.000	21.000	0.000	1	0.179	0.290
j1012_10	0	9.000	9.000	0.000	1	0.160	0.271
j1013_1	0	16.000	16.000	0.000	1	0.149	0.260
j1013_2	0	17.000	17.000	0.000	1	0.239	0.353
j1013_3	0	17.000	17.000	0.000	1	0.268	0.401
j1013_4	0	19.000	19.000	0.000	1	0.230	0.340
j1013_5	0	11.000	11.000	0.000	1	0.329	0.452
j1013_6	0	18.000	18.000	0.000	1	0.639	0.778
j1013_7	0	13.000	13.000	0.000	1	0.200	0.312
j1013_8	0	10.000	10.000	0.000	1	0.218	0.336
j1013_9	0	15.000	15.000	0.000	1	0.225	0.337
j1013_10	0	13.000	13.000	0.000	1	0.308	0.419
j1014_1	0	13.000	13.000	0.000	1	0.219	0.344
j1014_2	0	14.000	14.000	0.000	1	0.248	0.360
j1014_3	0	18.000	18.000	0.000	1	0.427	0.539
j1014_4	0	17.000	17.000	0.000	1	0.285	0.398
j1014_5	0	19.000	19.000	0.000	1	0.269	0.384
j1014_6	0	14.000	14.000	0.000	1	0.511	0.619
j1014_7	0	15.000	15.000	0.000	1	0.221	0.333
j1014_8	0	19.000	19.000	0.000	1	0.225	0.337
j1014_9	0	20.000	20.000	0.000	1	0.320	0.451
j1014_10	0	9.000	9.000	0.000	1	0.310	0.431
j1015_1	0	12.000	12.000	0.000	1	0.326	0.446
j1015_2	0	25.000	25.000	0.000	1	0.499	0.618
j1015_3	0	15.000	15.000	0.000	1	0.247	0.362
j1015_4	0	11.000	11.000	0.000	1	0.233	0.343
j1015_5	0	7.000	7.000	0.000	1	0.221	0.332
j1015_6	0	19.000	19.000	0.000	1	0.616	0.731
j1015_7	0	8.000	8.000	0.000	1	0.211	0.328
j1015_8	0	10.000	10.000	0.000	1	0.246	0.356
j1015_9	0	14.000	14.000	0.000	1	0.324	0.438
j1015_10	0	18.000	18.000	0.000	1	0.172	0.287
j1016_1	0	13.000	13.000	0.000	1	0.161	0.272
j1016_2	0	17.000	17.000	0.000	1	0.432	0.543
j1016_3	0	12.000	12.000	0.000	1	0.169	0.285
j1016_4	0	21.000	21.000	0.000	1	0.272	0.404
j1016_5	0	25.000	25.000	0.000	1	0.303	0.416
j1016_6	0	21.000	21.000	0.000	1	0.847	0.963
j1016_7	0	12.000	12.000	0.000	1	0.277	0.389
j1016_8	0	9.000	9.000	0.000	1	0.442	0.552
j1016_9	0	16.000	16.000	0.000	1	0.239	0.347
j1016_10	0	26.000	26.000	0.000	1	0.270	0.379
j1018_1	0	14.000	14.000	0.000	1	0.305	0.414
j1018_2	0	15.000	15.000	0.000	1	0.451	0.579
j1018_3	0	16.000	16.000	0.000	1	0.234	0.346
j1018_4	0	18.000	18.000	0.000	1	0.240	0.358
j1018_5	0	13.000	13.000	0.000	1	0.197	0.311
j1018_6	0	15.000	15.000	0.000	1	0.160	0.287
j1018_7	0	12.000	12.000	0.000	1	0.166	0.285
j1018_8	0	16.000	16.000	0.000	1	0.169	0.274
j1018_9	0	13.000	13.000	0.000	1	0.183	0.291
j1018_10	0	14.000	14.000	0.000	1	0.170	0.297
j1019_1	0	13.000	13.000	0.000	1	0.207	0.320
j1019_2	0	15.000	15.000	0.000	1	0.155	0.261
j1019_3	0	16.000	16.000	0.000	1	0.470	0.579
j1019_4	0	15.000	15.000	0.000	1	0.236	0.349
j1019_5	0	13.000	13.000	0.000	1	0.171	0.284
j1019_6	0	17.000	17.000	0.000	1	0.202	0.317
j1019_7	0	14.000	14.000	0.000	1	0.272	0.410
j1019_8	0	15.000	15.000	0.000	1	0.177	0.283
j1019_9	0	12.000	12.000	0.000	1	0.389	0.496
j1019_10	0	11.000	11.000	0.000	1	0.196	0.304
j1020_1	0	12.000	12.000	0.000	1	0.181	0.292
j1020_2	0	18.000	18.000	0.000	1	0.298	0.408
j1020_3	0	21.000	21.000	0.000	1	0.246	0.358
j1020_4	0	17.000	17.000	0.000	1	0.261	0.370
j1020_5	0	12.000	12.000	0.000	1	0.229	0.360
j1020_6	0	20.000	20.000	0.000	1	0.264	0.372
j1020_8	0	12.000	12.000	0.000	1	0.162	0.272
j1020_9	0	9.000	9.000	0.000	1	0.241	0.346
j1020_10	0	10.000	10.000	0.000	1	0.224	0.336
j1021_1	0	17.000	17.000	0.000	1	0.191	0.304
j1021_2	0	13.000	13.000	0.000	1	0.208	0.314
j1021_3	0	26.000	26.000	0.000	1	0.244	0.351
j1021_4	0	12.000	12.000	0.000	1	0.214	0.346
j1021_5	0	23.000	23.000	0.000	1	0.258	0.375
j1021_6	0	14.000	14.000	0.000	1	0.205	0.316
j1021_7	0	11.000	11.000	0.000	1	0.226	0.335
j1021_8	0	12.000	12.000	0.000	1	0.216	0.329
j1021_9	0	12.000	12.000	0.000	1	0.609	0.717
j1021_10	0	16.000	16.000	0.000	1	0.245	0.361
j1022_1	0	18.000	18.000	0.000	1	0.306	0.418
j1022_2	0	10.000	10.000	0.000	1	0.225	0.332
j1022_3	0	20.000	20.000	0.000	1	0.225	0.330
j1022_4	0	13.000	13.000	0.000	1	0.197	0.306
j1022_5	0	12.000	12.000	0.000	1	0.173	0.286
j1022_6	0	16.000	16.000	0.000	1	0.175	0.288
j1022_7	0	8.000	8.000	0.000	1	0.147	0.261
j1022_8	0	17.000	17.000	0.000	1	0.245	0.365
j1022_9	0	18.000	18.000	0.000	1	0.194	0.328
j1022_10	0	16.000	16.000	0.000	1	0.167	0.275
j1023_1	0	13.000	13.000	0.000	1	0.293	0.400
j1023_2	0	15.000	15.000	0.000	1	0.203	0.316
j1023_3	0	16.000	16.000	0.000	1	0.226	0.338
j1023_4	0	16.000	16.000	0.000	1	0.199	0.313
j1023_5	0	14.000	14.000	0.000	1	0.264	0.373
j1023_6	0	18.000	18.000	0.000	1	0.323	0.440
j1023_8	0	18.000	18.000	0.000	1	0.208	0.340
j1023_9	0	11.000	11.000	0.000	1	0.208	0.316
j1023_10	0	15.000	15.000	0.000	1	0.152	0.258
j1024_1	0	8.000	8.000	0.000	1	0.171	0.283
j1024_2	0	14.000	14.000	0.000	1	0.164	0.288
j1024_3	0	10.000	10.000	0.000	1	0.207	0.323
j1024_4	0	15.000	15.000	0.000	1	0.233	0.343
j1024_5	0	14.000	14.000	0.000	1	0.167	0.280
j1024_6	0	16.000	16.000	0.000	1	0.221	0.352
j1024_7	0	17.000	17.000	0.000	1	0.163	0.274
j1024_8	0	25.000	25.000	0.000	1	0.251	0.363
j1024_9	0	10.000	10.000	0.000	1	0.220	0.352
j1024_10	0	15.000	15.000	0.000	1	0.236	0.371
j1026_1	0	14.000	14.000	0.000	1	0.124	0.251
j1026_2	0	11.000	11.000	0.000	1	0.192	0.303
j1026_3	0	16.000	16.000	0.000	1	0.183	0.310
j1026_4	0	14.000	14.000	0.000	1	0.194	0.315
j1026_5	0	17.000	17.000	0.000	1	0.193	0.307
j1026_6	0	18.000	18.000	0.000	1	0.164	0.280
j1026_7	0	14.000	14.000	0.000	1	0.148	0.268
j1026_8	0	15.000	15.000	0.000	1	0.136	0.245
j1026_9	0	11.000	11.000	0.000	1	0.132	0.245
j1026_10	0	15.000	15.000	0.000	1	0.158	0.269
j1027_1	0	15.000	15.000	0.000	1	0.144	0.268
j1027_2	0	12.000	12.000	0.000	1	0.142	0.259
j1027_3	0	15.000	15.000	0.000	1	0.123	0.245
j1027_4	0	15.000	15.000	0.000	1	0.250	0.370
j1027_5	0	16.000	16.000	0.000	1	0.147	0.261
j1027_6	0	14.000	14.000	0.000	1	0.204	0.321
j1027_7	0	10.000	10.000	0.000	1	0.122	0.234
j1027_8	0	12.000	12.000	0.000	1	0.186	0.295
j1027_9	0	15.000	15.000	0.000	1	0.154	0.290
j1027_10	0	14.000	14.000	0.000	1	0.150	0.258
j1028_1	0	19.000	19.000	0.000	1	0.204	0.317
j1028_2	0	24.000	24.000	0.000	1	0.233	0.346
j1028_3	0	20.000	20.000	0.000	1	0.183	0.300
j1028_4	0	16.000	16.000	0.000	1	0.234	0.347
j1028_5	0	18.000	18.000	0.000	1	0.166	0.285
j1028_6	0	9.000	9.000	0.000	1	0.180	0.294
j1028_7	0	15.000	15.000	0.000	1	0.129	0.244
j1028_8	0	16.000	16.000	0.000	1	0.151	0.263
j1028_9	0	12.000	12.000	0.000	1	0.160	0.271
j1028_10	0	18.000	18.000	0.000	1	0.161	0.274
j1029_1	0	15.000	15.000	0.000	1	0.151	0.264
j1029_2	0	13.000	13.000	0.000	1	0.173	0.288
j1029_3	0	16.000	16.000	0.000	1	0.126	0.238
j1029_4	0	17.000	17.000	0.000	1	0.176	0.311
j1029_5	0	17.000	17.000	0.000	1	0.190	0.302
j1029_6	0	16.000	16.000	0.000	1	0.141	0.254
j1029_7	0	14.000	14.000	0.000	1	0.163	0.282
j1029_8	0	10.000	10.000	0.000	1	0.185	0.294
j1029_9	0	14.000	14.000	0.000	1	0.175	0.285
j1029_10	0	16.000	16.000	0.000	1	0.200	0.316
j1030_1	0	15.000	15.000	0.000	1	0.150	0.265
j1030_2	0	11.000	11.000	0.000	1	0.173	0.306
j1030_3	0	17.000	17.000	0.000	1	0.206	0.318
j1030_4	0	12.000	12.000	0.000	1	0.143	0.257
j1030_5	0	24.000	24.000	0.000	1	0.254	0.367
j1030_6	0	22.000	22.000	0.000	1	0.168	0.277
j1030_7	0	13.000	13.000	0.000	1	0.174	0.283
j1030_8	0	13.000	13.000	0.000	1	0.137	0.246
j1030_9	0	14.000	14.000	0.000	1	0.196	0.304
j1030_10	0	17.000	17.000	0.000	1	0.163	0.292
j1031_1	0	17.000	17.000	0.000	1	0.207	0.316
j1031_2	0	15.000	15.000	0.000	1	0.163	0.271
j1031_3	0	15.000	15.000	0.000	1	0.158	0.267
j1031_4	0	18.000	18.000	0.000	1	0.219	0.326
j1031_5	0	15.000	15.000	0.000	1	0.152	0.267
j1031_6	0	20.000	20.000	0.000	1	0.148	0.288
j1031_7	0	14.000	14.000	0.000	1	0.201	0.326
j1031_8	0	16.000	16.000	0.000	1	0.173	0.287
j1031_9	0	14.000	14.000	0.000	1	0.129	0.241
j1031_10	0	12.000	12.000	0.000	1	0.167	0.285
j1032_1	0	17.000	17.000	0.000	1	0.192	0.307
j1032_2	0	12.000	12.000	0.000	1	0.157	0.267
j1032_3	0	19.000	19.000	0.000	1	0.213	0.322
j1032_4	0	12.000	12.000	0.000	1	0.158	0.271
j1032_5	0	11.000	11.000	0.000	1	0.140	0.270
j1032_6	0	17.000	17.000	0.000	1	0.191	0.303
j1032_7	0	16.000	16.000	0.000	1	0.133	0.245
j1032_8	0	12.000	12.000	0.000	1	0.148	0.258
j1032_9	0	15.000	15.000	0.000	1	0.151	0.269
j1032_10	0	13.000	13.000	0.000	1	0.131	0.242
j1034_1	0	23.000	23.000	0.000	1	25.817	25.930
j1034_2	0	12.000	12.000	0.000	1	5.412	5.524
j1034_3	0	23.000	23.000	0.000	1	245.613	245.748
j1034_4	0	21.000	21.000	0.000	1	286.115	286.224
j1034_5	0	22.000	22.000	0.000	1	15.279	15.386
j1034_6	0	28.000	28.000	0.000	1	205.868	205.972
j1034_7	0	26.000	26.000	0.000	1	32.703	32.833
j1034_8	0	19.000	19.000	0.000	1	139.019	139.137
j1034_9	0	26.000	26.000	0.000	1	61.872	61.985
j1034_10	0	14.000	14.000	0.000	1	23.069	23.179
j1035_1	0	28.000	28.000	0.000	1	372.769	372.878
j1035_2	0	32.000	32.000	0.000	1	128.854	128.971
j1035_3	0	34.000	34.000	0.000	1	4797.618	4797.727
j1035_4	0	23.000	23.000	0.000	1	195.627	195.751
j1035_5	0	24.000	24.000	0.000	1	22.204	22.313
j1035_6	0	19.000	19.000	0.000	1	21.188	21.301
j1035_7	0	22.000	22.000	0.000	1	45.441	45.555
j1035_8	0	28.000	28.000	0.000	1	122.514	122.647
j1035_9	0	18.000	18.000	0.000	1	8.483	8.591
j1035_10	0	20.000	20.000	0.000	1	50.709	50.817
j1036_1	0	32.000	32.000	0.000	1	14.881	14.998
j1036_2	0	26.000	26.000	0.000	1	110.271	110.377
j1036_3	0	17.000	17.000	0.000	1	15.687	15.799
j1036_4	0	22.000	22.000	0.000	1	13.291	13.401
j1036_5	0	23.000	23.000	0.000	1	2046.752	2046.869
j1036_6	0	21.000	21.000	0.000	1	8.043	8.170
j1036_7	0	25.000	25.000	0.000	1	37.271	37.382
j1036_8	0	23.000	23.000	0.000	1	30.833	30.942
j1036_10	0	33.000	33.000	0.000	1	128.049	128.162
j1037_1	0	23.000	23.000	0.000	1	7.975	8.084
j1037_2	0	12.000	12.000	0.000	1	7.143	7.247
j1037_3	0	20.000	20.000	0.000	1	19.668	19.778
j1037_4	0	24.000	24.000	0.000	1	226.237	226.387
j1037_5	0	31.000	31.000	0.000	1	232.254	232.384
j1037_6	0	22.000	22.000	0.000	1	109.467	109.579
j1037_7	0	22.000	22.000	0.000	1	192.886	192.997
j1037_8	0	27.000	27.000	0.000	1	78.377	78.484
j1037_9	0	20.000	20.000	0.000	1	97.193	97.299
j1037_10	0	31.000	31.000	0.000	1	1023.490	1023.601
j1038_1	0	27.000	27.000	0.000	1	4.458	4.570
j1038_2	0	21.000	21.000	0.000	1	99.216	99.346
j1038_3	0	21.000	21.000	0.000	1	34.413	34.525
j1038_4	0	21.000	21.000	0.000	1	17.173	17.281
j1038_5	0	18.000	18.000	0.000	1	5.639	5.755
j1038_6	0	19.000	19.000	0.000	1	36.862	36.969
j1038_7	0	24.000	24.000	0.000	1	8.994	9.105
j1038_8	0	26.000	26.000	0.000	1	11.296	11.402
j1038_9	0	26.000	26.000	0.000	1	11.510	11.617
j1038_10	0	16.000	16.000	0.000	1	7.910	8.034
j1039_1	0	18.000	18.000	0.000	1	95.490	95.604
j1039_2	0	18.000	18.000	0.000	1	82.854	82.961
j1039_3	0	27.000	27.000	0.000	1	68.645	68.754
j1039_4	0	16.000	16.000	0.000	1	29.524	29.635
j1039_5	0	30.000	30.000	0.000	1	47.520	47.626
j1039_6	0	22.000	22.000	0.000	1	34.370	34.480
j1039_7	0	14.000	14.000	0.000	1	2.921	3.028
j1039_8	0	23.000	23.000	0.000	1	114.197	114.325
j1039_9	0	24.000	24.000	0.000	1	48.255	48.358
j1039_10	0	31.000	31.000	0.000	1	57.309	57.423
j1040_1	0	19.000	19.000	0.000	1	162.416	162.521
j1040_2	0	32.000	32.000	0.000	1	323.538	323.648
j1040_3	0	25.000	25.000	0.000	1	123.113	123.223
j1040_5	0	21.000	21.000	0.000	1	14.338	14.446
j1040_6	0	18.000	18.000	0.000	1	16.676	16.782
j1040_7	0	28.000	28.000	0.000	1	129.245	129.353
j1040_8	0	29.000	29.000	0.000	1	199.208	199.318
j1040_9	0	19.000	19.000	0.000	1	35.694	35.809
j1040_10	0	16.000	16.000	0.000	1	64.994	65.106
j1042_1	0	16.000	16.000	0.000	1	7.761	7.890
j1042_2	0	14.000	14.000	0.000	1	0.706	0.816
j1042_3	0	25.000	25.000	0.000	1	2.679	2.793
j1042_4	0	13.000	13.000	0.000	1	1.442	1.571
j1042_5	0	20.000	20.000	0.000	1	0.512	0.622
j1042_6	0	11.000	11.000	0.000	1	1.931	2.038
j1042_7	0	26.000	26.000	0.000	1	4.165	4.275
j1042_8	0	18.000	18.000	0.000	1	2.102	2.225
j1042_9	0	11.000	11.000	0.000	1	0.807	0.916
j1042_10	0	11.000	11.000	0.000	1	4.493	4.602
j1043_1	0	18.000	18.000	0.000	1	6.177	6.295
j1043_2	0	15.000	15.000	0.000	1	0.511	0.644
j1043_3	0	17.000	17.000	0.000	1	5.122	5.248
j1043_4	0	14.000	14.000	0.000	1	1.415	1.522
j1043_5	0	19.000	19.000	0.000	1	9.813	9.926
j1043_6	0	16.000	16.000	0.000	1	1.135	1.239
j1043_7	0	12.000	12.000	0.000	1	2.749	2.857
j1043_8	0	21.000	21.000	0.000	1	0.868	0.976
j1043_9	0	11.000	11.000	0.000	1	0.483	0.593
j1043_10	0	16.000	16.000	0.000	1	22.666	22.806
j1044_1	0	18.000	18.000	0.000	1	0.629	0.737
j1044_2	0	16.000	16.000	0.000	1	1.294	1.405
j1044_3	0	20.000	20.000	0.000	1	2.441	2.549
j1044_4	0	24.000	24.000	0.000	1	3.212	3.328
j1044_5	0	24.000	24.000	0.000	1	8.613	8.721
j1044_7	0	15.000	15.000	0.000	1	1.019	1.130
j1044_8	0	16.000	16.000	0.000	1	1.765	1.893
j1044_9	0	17.000	17.000	0.000	1	1.125	1.236
j1044_10	0	13.000	13.000	0.000	1	0.436	0.544
j1045_1	0	22.000	22.000	0.000	1	5.531	5.646
j1045_2	0	13.000	13.000	0.000	1	1.245	1.362
j1045_3	0	13.000	13.000	0.000	1	0.670	0.779
j1045_4	0	10.000	10.000	0.000	1	0.722	0.835
j1045_5	0	14.000	14.000	0.000	1	1.432	1.538
j1045_6	0	13.000	13.000	0.000	1	0.866	0.994
j1045_7	0	21.000	21.000	0.000	1	1.225	1.341
j1045_8	0	18.000	18.000	0.000	1	3.505	3.612
j1045_9	0	15.000	15.000	0.000	1	0.244	0.361
j1045_10	0	20.000	20.000	0.000	1	4.542	4.651
j1046_1	0	22.000	22.000	0.000	1	12.284	12.401
j1046_2	0	11.000	11.000	0.000	1	1.245	1.351
j1046_3	0	13.000	13.000	0.000	1	0.881	0.989
j1046_4	0	15.000	15.000	0.000	1	1.676	1.804
j1046_5	0	13.000	13.000	0.000	1	1.039	1.145
j1046_6	0	17.000	17.000	0.000	1	2.264	2.372
j1046_7	0	20.000	20.000	0.000	1	20.043	20.155
j1046_8	0	16.000	16.000	0.000	1	2.054	2.175
j1046_9	0	15.000	15.000	0.000	1	0.836	0.965
j1046_10	0	16.000	16.000	0.000	1	0.637	0.755
j1047_1	0	20.000	20.000	0.000	1	7.410	7.515
j1047_2	0	14.000	14.000	0.000	1	0.558	0.667
j1047_3	0	18.000	18.000	0.000	1	4.883	4.990
j1047_4	0	23.000	23.000	0.000	1	5.144	5.254
j1047_5	0	14.000	14.000	0.000	1	1.321	1.430
j1047_6	0	18.000	18.000	0.000	1	1.753	1.878
j1047_7	0	17.000	17.000	0.000	1	2.518	2.624
j1047_8	0	19.000	19.000	0.000	1	4.395	4.526
j1047_9	0	13.000	13.000	0.000	1	0.775	0.908
j1047_10	0	27.000	27.000	0.000	1	6.667	6.782
j1048_1	0	16.000	16.000	0.000	1	1.625	1.732
j1048_2	0	16.000	16.000	0.000	1	6.789	6.902
j1048_3	0	13.000	13.000	0.000	1	1.064	1.168
j1048_4	0	10.000	10.000	0.000	1	0.587	0.695
j1048_5	0	14.000	14.000	0.000	1	0.675	0.786
j1048_6	0	14.000	14.000	0.000	1	1.785	1.893
j1048_7	0	14.000	14.000	0.000	1	1.063	1.208
j1048_8	0	24.000	24.000	0.000	1	0.561	0.672
j1048_9	0	16.000	16.000	0.000	1	0.686	0.793
j1048_10	0	16.000	16.000	0.000	1	3.290	3.399
j1050_1	0	13.000	13.000	0.000	1	0.501	0.612
j1050_2	0	20.000	20.000	0.000	1	0.793	0.906
j1050_3	0	15.000	15.000	0.000	1	0.661	0.770
j1050_4	0	17.000	17.000	0.000	1	0.637	0.757
j1050_5	0	10.000	10.000	0.000	1	0.330	0.458
j1050_6	0	12.000	12.000	0.000	1	0.720	0.830
j1050_7	0	25.000	25.000	0.000	1	0.666	0.785
j1050_8	0	11.000	11.000	0.000	1	0.287	0.390
j1050_9	0	20.000	20.000	0.000	1	0.864	0.971
j1050_10	0	13.000	13.000	0.000	1	0.393	0.507
j1051_1	0	23.000	23.000	0.000	1	0.384	0.504
j1051_2	0	14.000	14.000	0.000	1	0.213	0.336
j1051_3	0	15.000	15.000	0.000	1	1.161	1.269
j1051_4	0	17.000	17.000	0.000	1	0.522	0.626
j1051_5	0	29.000	29.000	0.000	1	0.707	0.819
j1051_6	0	9.000	9.000	0.000	1	0.333	0.440
j1051_7	0	21.000	21.000	0.000	1	0.620	0.733
j1051_8	0	14.000	14.000	0.000	1	0.236	0.356
j1051_9	0	19.000	19.000	0.000	1	0.673	0.780
j1051_10	0	12.000	12.000	0.000	1	0.326	0.452
j1052_1	0	11.000	11.000	0.000	1	0.616	0.728
j1052_2	0	18.000	18.000	0.000	1	0.515	0.624
j1052_3	0	8.000	8.000	0.000	1	0.361	0.480
j1052_4	0	15.000	15.000	0.000	1	0.508	0.616
j1052_5	0	19.000	19.000	0.000	1	0.886	1.000
j1052_6	0	14.000	14.000	0.000	1	0.382	0.487
j1052_7	0	16.000	16.000	0.000	1	1.077	1.187
j1052_8	0	16.000	16.000	0.000	1	0.362	0.489
j1052_9	0	17.000	17.000	0.000	1	0.726	0.841
j1052_10	0	10.000	10.000	0.000	1	0.406	0.513
j1053_1	0	16.000	16.000	0.000	1	0.470	0.579
j1053_2	0	17.000	17.000	0.000	1	0.496	0.608
j1053_3	0	22.000	22.000	0.000	1	1.054	1.163
j1053_4	0	9.000	9.000	0.000	1	0.462	0.568
j1053_5	0	19.000	19.000	0.000	1	0.394	0.501
j1053_6	0	18.000	18.000	0.000	1	0.865	0.977
j1053_7	0	12.000	12.000	0.000	1	3.119	3.246
j1053_8	0	17.000	17.000	0.000	1	1.456	1.570
j1053_9	0	9.000	9.000	0.000	1	0.571	0.684
j1053_10	0	23.000	23.000	0.000	1	0.482	0.589
j1054_1	0	15.000	15.000	0.000	1	0.817	0.925
j1054_2	0	20.000	20.000	0.000	1	0.462	0.569
j1054_3	0	21.000	21.000	0.000	1	0.479	0.606
j1054_4	0	16.000	16.000	0.000	1	0.365	0.471
j1054_5	0	14.000	14.000	0.000	1	0.409	0.533
j1054_6	0	13.000	13.000	0.000	1	0.509	0.624
j1054_7	0	18.000	18.000	0.000	1	0.322	0.430
j1054_8	0	9.000	9.000	0.000	1	0.315	0.422
j1054_9	0	17.000	17.000	0.000	1	1.568	1.685
j1054_10	0	18.000	18.000	0.000	1	0.496	0.604
j1055_1	0	18.000	18.000	0.000	1	0.331	0.460
j1055_2	0	13.000	13.000	0.000	1	0.438	0.553
j1055_3	0	13.000	13.000	0.000	1	0.239	0.345
j1055_4	0	24.000	24.000	0.000	1	0.515	0.625
j1055_5	0	13.000	13.000	0.000	1	0.248	0.351
j1055_6	0	18.000	18.000	0.000	1	1.198	1.305
j1055_7	0	13.000	13.000	0.000	1	0.358	0.461
j1055_8	0	17.000	17.000	0.000	1	4.021	4.127
j1055_9	0	12.000	12.000	0.000	1	0.792	0.917
j1055_10	0	17.000	17.000	0.000	1	0.302	0.413
j1056_1	0	14.000	14.000	0.000	1	0.446	0.553
j1056_2	0	13.000	13.000	0.000	1	0.382	0.491
j1056_3	0	23.000	23.000	0.000	1	0.450	0.555
j1056_4	0	10.000	10.000	0.000	1	0.352	0.459
j1056_5	0	14.000	14.000	0.000	1	0.678	0.782
j1056_6	0	13.000	13.000	0.000	1	0.427	0.553
j1056_7	0	18.000	18.000	0.000	1	0.331	0.443
j1056_8	0	15.000	15.000	0.000	1	0.571	0.681
j1056_9	0	14.000	14.000	0.000	1	0.447	0.555
j1056_10	0	14.000	14.000	0.000	1	0.493	0.598
j1058_1	0	19.000	19.000	0.000	1	0.150	0.257
j1058_2	0	14.000	14.000	0.000	1	0.252	0.357
j1058_3	0	17.000	17.000	0.000	1	0.281	0.388
j1058_4	0	16.000	16.000	0.000	1	0.200	0.336
j1058_5	0	16.000	16.000	0.000	1	0.143	0.258
j1058_6	0	9.000	9.000	0.000	1	0.307	0.414
j1058_7	0	13.000	13.000	0.000	1	0.189	0.298
j1058_8	0	16.000	16.000	0.000	1	0.250	0.354
j1058_9	0	10.000	10.000	0.000	1	0.285	0.395
j1058_10	0	13.000	13.000	0.000	1	0.205	0.313
j1059_1	0	13.000	13.000	0.000	1	0.275	0.379
j1059_2	0	15.000	15.000	0.000	1	0.151	0.272
j1059_3	0	16.000	16.000	0.000	1	0.243	0.352
j1059_4	0	14.000	14.000	0.000	1	0.214	0.322
j1059_5	0	13.000	13.000	0.000	1	0.187	0.295
j1059_6	0	12.000	12.000	0.000	1	0.232	0.343
j1059_7	0	11.000	11.000	0.000	1	0.372	0.477
j1059_8	0	12.000	12.000	0.000	1	0.328	0.439
j1059_9	0	15.000	15.000	0.000	1	0.220	0.330
j1059_10	0	17.000	17.000	0.000	1	0.388	0.495
j1060_1	0	13.000	13.000	0.000	1	0.267	0.371
j1060_2	0	19.000	19.000	0.000	1	0.410	0.514
j1060_3	0	9.000	9.000	0.000	1	0.183	0.294
j1060_4	0	13.000	13.000	0.000	1	0.217	0.323
j1060_5	0	18.000	18.000	0.000	1	0.287	0.394
j1060_6	0	10.000	10.000	0.000	1	0.291	0.397
j1060_7	0	15.000	15.000	0.000	1	0.261	0.393
j1060_8	0	13.000	13.000	0.000	1	0.284	0.396
j1060_9	0	15.000	15.000	0.000	1	0.312	0.426
j1060_10	0	15.000	15.000	0.000	1	0.189	0.346
j1061_1	0	9.000	9.000	0.000	1	0.474	0.580
j1061_2	0	14.000	14.000	0.000	1	0.299	0.415
j1061_3	0	22.000	22.000	0.000	1	0.162	0.278
j1061_4	0	15.000	15.000	0.000	1	0.174	0.288
j1061_5	0	17.000	17.000	0.000	1	0.564	0.697
j1061_6	0	23.000	23.000	0.000	1	0.831	0.940
j1061_7	0	12.000	12.000	0.000	1	0.230	0.339
j1061_8	0	18.000	18.000	0.000	1	0.363	0.482
j1061_9	0	19.000	19.000	0.000	1	0.317	0.433
j1061_10	0	34.000	34.000	0.000	1	0.334	0.440
j1062_1	0	12.000	12.000	0.000	1	0.141	0.253
j1062_2	0	19.000	19.000	0.000	1	0.300	0.409
j1062_3	0	11.000	11.000	0.000	1	0.411	0.534
j1062_4	0	11.000	11.000	0.000	1	0.261	0.368
j1062_5	0	18.000	18.000	0.000	1	0.419	0.531
j1062_6	0	19.000	19.000	0.000	1	0.205	0.314
j1062_7	0	8.000	8.000	0.000	1	0.205	0.312
j1062_8	0	11.000	11.000	0.000	1	0.160	0.273
j1062_9	0	14.000	14.000	0.000	1	0.291	0.401
j1062_10	0	17.000	17.000	0.000	1	0.355	0.477
j1063_1	0	14.000	14.000	0.000	1	0.222	0.329
j1063_2	0	17.000	17.000	0.000	1	0.134	0.242
j1063_3	0	17.000	17.000	0.000	1	0.353	0.457
j1063_4	0	12.000	12.000	0.000	1	0.126	0.234
j1063_5	0	11.000	11.000	0.000	1	0.280	0.394
j1063_6	0	14.000	14.000	0.000	1	0.398	0.518
j1063_7	0	15.000	15.000	0.000	1	0.224	0.335
j1063_8	0	8.000	8.000	0.000	1	0.246	0.369
j1063_9	0	10.000	10.000	0.000	1	0.169	0.277
j1063_10	0	9.000	9.000	0.000	1	0.265	0.369
j1064_1	0	16.000	16.000	0.000	1	0.231	0.340
j1064_2	0	15.000	15.000	0.000	1	0.239	0.346
j1064_3	0	14.000	14.000	0.000	1	0.217	0.324
j1064_4	0	13.000	13.000	0.000	1	0.094	0.204
j1064_5	0	16.000	16.000	0.000	1	0.663	0.771
j1064_6	0	11.000	11.000	0.000	1	0.212	0.336
j1064_7	0	12.000	12.000	0.000	1	0.212	0.324
j1064_8	0	14.000	14.000	0.000	1	0.299	0.405
j1064_9	0	17.000	17.000	0.000	1	0.227	0.334
j1064_10	0	15.000	15.000	0.000	1	0.227	0.335
