instance	Gamma	objval	objbound	gap	n_iterations	avg_iteration	runtime
j102_2	5	29.000	29.000	0.000	21	12.200	256.589
j102_4	5	28.000	25.000	0.107	98	36.217	3600.000
j102_5	5	22.000	17.000	0.227	90	39.337	3600.000
j102_6	5	26.000	26.000	0.000	81	36.661	2969.906
j102_7	5	42.000	35.000	0.167	88	39.603	3600.000
j102_9	5	27.000	27.000	0.000	63	41.279	2600.918
j102_10	5	40.000	29.000	0.275	165	21.536	3600.000
j103_2	5	20.000	20.000	0.000	125	9.191	1149.353
j103_3	5	29.000	22.000	0.241	175	20.278	3600.000
j103_4	5	36.000	36.000	0.000	132	21.911	2892.600
j103_5	5	32.000	30.000	0.062	152	23.215	3600.000
j103_6	5	46.000	32.000	0.304	50	69.888	3600.000
j103_7	5	22.000	22.000	0.000	174	4.994	869.329
j103_8	5	37.000	28.000	0.243	84	42.144	3600.000
j103_9	5	32.000	32.000	0.000	125	10.516	1314.919
j103_10	5	25.000	25.000	0.000	113	6.738	761.789
j104_1	5	43.000	34.000	0.209	121	29.140	3600.000
j104_2	5	32.000	26.000	0.188	97	36.704	3600.000
j104_3	5	37.000	35.000	0.054	222	15.937	3600.000
j104_4	5	22.000	18.000	0.182	103	33.569	3600.000
j104_5	5	49.000	35.000	0.286	211	16.751	3600.000
j104_6	5	34.000	32.000	0.059	216	16.508	3600.000
j104_8	5	30.000	25.000	0.167	60	58.898	3600.000
j104_9	5	33.000	33.000	0.000	123	27.237	3350.478
j104_10	5	24.000	24.000	0.000	50	11.171	558.916
j105_1	5	52.000	39.000	0.250	268	13.358	3600.000
j105_3	5	20.000	20.000	0.000	62	0.934	58.287
j105_4	5	22.000	19.000	0.136	188	18.741	3600.000
j105_6	5	27.000	27.000	0.000	69	1.898	131.310
j105_8	5	33.000	26.000	0.212	114	31.116	3600.000
j105_10	5	25.000	23.000	0.080	100	35.311	3600.000
j106_1	5	27.000	27.000	0.000	228	10.399	2371.335
j106_3	5	36.000	33.000	0.083	112	31.776	3600.000
j106_4	5	29.000	23.000	0.207	228	15.601	3600.000
j106_5	5	55.000	42.000	0.236	132	26.974	3600.000
j106_7	5	32.000	24.000	0.250	71	49.552	3600.000
j106_8	5	29.000	25.000	0.138	145	24.619	3600.000
j107_1	5	20.000	20.000	0.000	118	11.583	1367.211
j107_2	5	35.000	35.000	0.000	55	12.139	668.070
j107_3	5	34.000	34.000	0.000	97	18.510	1795.933
j107_4	5	24.000	24.000	0.000	75	5.448	408.952
j107_5	5	39.000	39.000	0.000	32	7.092	227.278
j107_6	5	57.000	38.000	0.333	113	31.229	3600.000
j107_8	5	49.000	42.000	0.143	93	37.610	3600.000
j107_9	5	46.000	46.000	0.000	15	27.773	417.020
j108_3	5	27.000	27.000	0.000	166	10.353	1719.047
j108_5	5	40.000	40.000	0.000	32	8.582	275.056
j108_6	5	36.000	33.000	0.083	182	19.508	3600.000
j108_7	5	32.000	26.000	0.188	116	30.675	3600.000
j108_8	5	21.000	21.000	0.000	33	8.279	273.648
j108_10	5	36.000	35.000	0.028	133	26.708	3600.000
j1010_1	5	26.000	26.000	0.000	55	1.624	89.755
j1010_2	5	35.000	35.000	0.000	171	1.810	309.869
j1010_3	5	32.000	32.000	0.000	269	1.775	477.980
j1010_4	5	24.000	24.000	0.000	43	7.955	342.473
j1010_5	5	34.000	34.000	0.000	173	4.647	804.312
j1010_6	5	20.000	20.000	0.000	44	7.140	314.592
j1010_7	5	20.000	20.000	0.000	12	0.978	12.153
j1010_8	5	18.000	18.000	0.000	76	6.903	524.994
j1010_9	5	15.000	15.000	0.000	54	2.993	162.041
j1010_10	5	20.000	20.000	0.000	53	9.143	485.007
j1011_1	5	31.000	31.000	0.000	222	1.331	295.931
j1011_2	5	16.000	16.000	0.000	25	0.855	21.807
j1011_3	5	19.000	19.000	0.000	21	0.839	18.014
j1011_4	5	38.000	38.000	0.000	222	4.733	1051.138
j1011_5	5	24.000	24.000	0.000	77	1.363	105.332
j1011_6	5	23.000	23.000	0.000	69	1.670	115.674
j1011_7	5	17.000	17.000	0.000	38	1.499	57.381
j1011_8	5	23.000	23.000	0.000	53	2.388	126.974
j1011_9	5	24.000	24.000	0.000	89	1.538	137.313
j1011_10	5	33.000	33.000	0.000	141	1.684	237.901
j1012_1	5	25.000	25.000	0.000	48	1.155	55.833
j1012_2	5	24.000	24.000	0.000	14	0.949	13.657
j1012_3	5	25.000	25.000	0.000	96	5.671	544.738
j1012_4	5	27.000	27.000	0.000	59	1.172	69.523
j1012_5	5	21.000	21.000	0.000	32	4.565	146.504
j1012_6	5	35.000	29.000	0.171	287	12.280	3600.000
j1012_7	5	19.000	19.000	0.000	56	2.095	117.699
j1012_8	5	30.000	30.000	0.000	73	0.774	56.895
j1012_9	5	33.000	33.000	0.000	108	1.478	159.942
j1012_10	5	14.000	14.000	0.000	3	0.545	1.997
j1013_1	5	25.000	25.000	0.000	67	1.421	95.558
j1013_2	5	28.000	28.000	0.000	30	3.278	98.686
j1013_3	5	27.000	27.000	0.000	58	1.193	69.593
j1013_4	5	31.000	31.000	0.000	82	1.248	102.808
j1013_5	5	16.000	16.000	0.000	61	2.571	157.300
j1013_6	5	28.000	27.000	0.036	172	20.674	3600.000
j1013_7	5	19.000	19.000	0.000	30	0.977	29.714
j1013_8	5	15.000	15.000	0.000	5	0.546	3.087
j1013_9	5	23.000	23.000	0.000	58	1.055	61.532
j1013_10	5	20.000	20.000	0.000	25	1.793	45.180
j1014_1	5	21.000	21.000	0.000	13	0.813	11.033
j1014_2	5	22.000	22.000	0.000	26	1.071	28.271
j1014_3	5	30.000	30.000	0.000	142	17.602	2499.862
j1014_4	5	27.000	27.000	0.000	131	5.373	704.274
j1014_5	5	30.000	30.000	0.000	74	1.151	85.629
j1014_6	5	23.000	23.000	0.000	229	10.997	2518.670
j1014_7	5	24.000	24.000	0.000	55	1.508	83.384
j1014_8	5	30.000	30.000	0.000	137	2.049	281.233
j1014_9	5	32.000	32.000	0.000	118	1.293	152.932
j1014_10	5	14.000	14.000	0.000	13	0.818	11.034
j1015_1	5	20.000	20.000	0.000	19	1.109	21.425
j1015_2	5	39.000	39.000	0.000	552	5.402	2982.108
j1015_3	5	23.000	23.000	0.000	184	5.596	1030.082
j1015_4	5	16.000	16.000	0.000	7	0.746	5.640
j1015_5	5	10.000	10.000	0.000	9	0.529	5.104
j1015_6	5	30.000	26.000	0.133	124	28.658	3600.000
j1015_7	5	13.000	13.000	0.000	9	1.443	13.357
j1015_8	5	16.000	16.000	0.000	15	0.846	13.027
j1015_9	5	21.000	21.000	0.000	94	5.001	470.506
j1015_10	5	27.000	27.000	0.000	151	1.776	268.594
j1016_1	5	21.000	21.000	0.000	12	0.856	10.613
j1016_2	5	27.000	27.000	0.000	32	1.425	46.118
j1016_3	5	18.000	18.000	0.000	68	1.527	104.266
j1016_4	5	33.000	33.000	0.000	312	3.680	1148.630
j1016_5	5	40.000	40.000	0.000	100	2.070	207.415
j1016_6	5	33.000	33.000	0.000	69	19.378	1337.512
j1016_7	5	19.000	19.000	0.000	28	1.469	41.568
j1016_8	5	13.000	13.000	0.000	55	4.181	230.358
j1016_9	5	25.000	25.000	0.000	65	1.613	105.277
j1016_10	5	42.000	42.000	0.000	97	1.213	118.124
j1018_1	5	21.000	21.000	0.000	72	1.748	126.312
j1018_2	5	24.000	24.000	0.000	122	5.178	632.184
j1018_3	5	25.000	25.000	0.000	27	1.339	36.473
j1018_4	5	28.000	28.000	0.000	60	1.844	111.055
j1018_5	5	20.000	20.000	0.000	66	0.998	66.205
j1018_6	5	24.000	24.000	0.000	50	1.066	53.765
j1018_7	5	19.000	19.000	0.000	18	0.915	16.866
j1018_8	5	25.000	25.000	0.000	36	0.994	36.302
j1018_9	5	21.000	21.000	0.000	53	1.107	59.087
j1018_10	5	23.000	23.000	0.000	15	0.981	15.116
j1019_1	5	21.000	21.000	0.000	16	0.988	16.227
j1019_2	5	24.000	24.000	0.000	49	1.266	62.469
j1019_3	5	26.000	26.000	0.000	63	2.564	161.915
j1019_4	5	24.000	24.000	0.000	52	4.017	209.267
j1019_5	5	20.000	20.000	0.000	16	0.724	11.953
j1019_6	5	26.000	26.000	0.000	94	1.671	157.540
j1019_7	5	22.000	22.000	0.000	28	0.723	20.575
j1019_8	5	22.000	22.000	0.000	67	1.804	121.171
j1019_9	5	18.000	18.000	0.000	138	8.021	1107.251
j1019_10	5	16.000	16.000	0.000	11	0.584	6.845
j1020_1	5	18.000	18.000	0.000	15	0.623	9.751
j1020_2	5	28.000	27.000	0.036	133	26.827	3600.000
j1020_3	5	34.000	34.000	0.000	89	1.350	120.561
j1020_4	5	27.000	27.000	0.000	68	1.038	71.037
j1020_5	5	19.000	19.000	0.000	55	1.296	71.714
j1020_6	5	31.000	31.000	0.000	144	1.418	204.629
j1020_8	5	18.000	18.000	0.000	32	1.050	33.935
j1020_9	5	14.000	14.000	0.000	21	0.989	21.106
j1020_10	5	16.000	16.000	0.000	4	0.831	3.737
j1021_1	5	27.000	27.000	0.000	45	0.999	45.313
j1021_2	5	19.000	19.000	0.000	30	1.003	30.494
j1021_3	5	42.000	42.000	0.000	262	1.842	483.084
j1021_4	5	18.000	18.000	0.000	37	1.037	38.750
j1021_5	5	37.000	37.000	0.000	227	1.935	439.615
j1021_6	5	21.000	21.000	0.000	93	1.572	146.587
j1021_7	5	17.000	17.000	0.000	26	1.003	26.498
j1021_8	5	19.000	19.000	0.000	50	2.611	130.923
j1021_9	5	19.000	19.000	0.000	105	7.527	790.628
j1021_10	5	25.000	25.000	0.000	57	1.995	114.099
j1022_1	5	28.000	28.000	0.000	79	3.644	288.253
j1022_2	5	16.000	16.000	0.000	46	1.302	60.298
j1022_3	5	31.000	31.000	0.000	69	1.049	72.791
j1022_4	5	21.000	21.000	0.000	20	1.004	20.415
j1022_5	5	19.000	19.000	0.000	34	0.830	28.567
j1022_6	5	24.000	24.000	0.000	31	0.938	29.437
j1022_7	5	12.000	12.000	0.000	3	0.633	2.316
j1022_8	5	27.000	27.000	0.000	76	1.262	96.309
j1022_9	5	29.000	29.000	0.000	31	0.936	29.353
j1022_10	5	26.000	26.000	0.000	28	0.723	20.661
j1023_1	5	21.000	21.000	0.000	18	1.057	19.491
j1023_2	5	23.000	23.000	0.000	57	1.052	60.405
j1023_3	5	25.000	25.000	0.000	68	1.164	79.576
j1023_4	5	24.000	24.000	0.000	39	1.255	49.389
j1023_5	5	23.000	23.000	0.000	22	1.198	26.761
j1023_6	5	28.000	28.000	0.000	70	1.332	93.702
j1023_8	5	29.000	29.000	0.000	66	1.300	86.182
j1023_9	5	17.000	17.000	0.000	27	1.121	30.691
j1023_10	5	24.000	24.000	0.000	11	0.324	3.974
j1024_1	5	11.000	11.000	0.000	7	0.368	2.990
j1024_2	5	22.000	22.000	0.000	37	0.867	32.504
j1024_3	5	16.000	16.000	0.000	13	0.934	12.562
j1024_4	5	23.000	23.000	0.000	92	1.447	133.577
j1024_5	5	22.000	22.000	0.000	34	1.077	37.030
j1024_6	5	26.000	26.000	0.000	48	1.534	74.114
j1024_7	5	27.000	27.000	0.000	61	1.108	68.008
j1024_8	5	40.000	40.000	0.000	107	1.488	159.627
j1024_9	5	16.000	16.000	0.000	62	1.369	85.327
j1024_10	5	24.000	24.000	0.000	39	1.119	43.971
j1026_1	5	22.000	22.000	0.000	30	0.719	21.913
j1026_2	5	16.000	16.000	0.000	10	0.568	6.040
j1026_3	5	26.000	26.000	0.000	32	0.747	24.274
j1026_4	5	22.000	22.000	0.000	14	0.800	11.516
j1026_5	5	27.000	27.000	0.000	85	1.033	88.209
j1026_6	5	28.000	28.000	0.000	108	0.913	99.007
j1026_7	5	22.000	22.000	0.000	24	0.806	19.732
j1026_8	5	24.000	24.000	0.000	27	0.826	22.717
j1026_9	5	18.000	18.000	0.000	4	0.323	1.664
j1026_10	5	24.000	24.000	0.000	23	0.941	22.029
j1027_1	5	24.000	24.000	0.000	36	0.961	34.912
j1027_2	5	18.000	18.000	0.000	26	0.882	23.266
j1027_3	5	23.000	23.000	0.000	41	0.856	35.546
j1027_4	5	23.000	23.000	0.000	50	1.099	55.301
j1027_5	5	25.000	25.000	0.000	27	0.902	24.744
j1027_6	5	22.000	22.000	0.000	22	0.748	16.792
j1027_7	5	16.000	16.000	0.000	35	0.824	29.227
j1027_8	5	19.000	19.000	0.000	27	0.801	21.973
j1027_9	5	25.000	25.000	0.000	27	0.960	26.308
j1027_10	5	22.000	22.000	0.000	25	0.719	18.337
j1028_1	5	30.000	30.000	0.000	83	0.976	81.411
j1028_2	5	39.000	39.000	0.000	86	0.864	74.695
j1028_3	5	33.000	33.000	0.000	85	0.992	84.735
j1028_4	5	26.000	26.000	0.000	55	1.027	56.858
j1028_5	5	28.000	28.000	0.000	99	1.215	120.679
j1028_6	5	13.000	13.000	0.000	4	0.407	2.053
j1028_7	5	24.000	24.000	0.000	28	0.805	22.956
j1028_8	5	26.000	26.000	0.000	78	0.968	75.948
j1028_9	5	18.000	18.000	0.000	31	0.826	26.048
j1028_10	5	28.000	28.000	0.000	72	0.994	71.996
j1029_1	5	24.000	24.000	0.000	36	0.835	30.427
j1029_2	5	20.000	20.000	0.000	26	0.857	22.662
j1029_3	5	25.000	25.000	0.000	67	0.863	58.197
j1029_4	5	27.000	27.000	0.000	48	0.989	47.924
j1029_5	5	27.000	27.000	0.000	29	0.848	24.959
j1029_6	5	26.000	26.000	0.000	29	0.751	22.157
j1029_7	5	23.000	23.000	0.000	19	0.874	17.026
j1029_8	5	15.000	15.000	0.000	8	0.534	4.591
j1029_9	5	22.000	22.000	0.000	18	0.952	17.471
j1029_10	5	25.000	25.000	0.000	35	1.051	37.204
j1030_1	5	23.000	23.000	0.000	34	1.026	35.211
j1030_2	5	17.000	17.000	0.000	20	0.693	14.213
j1030_3	5	27.000	27.000	0.000	72	1.083	78.343
j1030_4	5	19.000	19.000	0.000	26	0.999	26.398
j1030_5	5	38.000	38.000	0.000	192	1.292	248.481
j1030_6	5	35.000	35.000	0.000	73	1.012	74.235
j1030_7	5	20.000	20.000	0.000	25	0.878	22.326
j1030_8	5	20.000	20.000	0.000	21	0.720	15.442
j1030_9	5	22.000	22.000	0.000	112	1.095	122.965
j1030_10	5	27.000	27.000	0.000	28	0.745	21.171
j1031_1	5	27.000	27.000	0.000	27	0.911	25.013
j1031_2	5	24.000	24.000	0.000	66	0.760	50.493
j1031_3	5	24.000	24.000	0.000	21	0.637	13.704
j1031_4	5	27.000	27.000	0.000	66	0.809	53.756
j1031_5	5	23.000	23.000	0.000	24	0.929	22.698
j1031_6	5	32.000	32.000	0.000	30	0.888	26.988
j1031_7	5	22.000	22.000	0.000	37	1.093	40.870
j1031_8	5	26.000	26.000	0.000	36	1.030	37.521
j1031_9	5	22.000	22.000	0.000	16	0.669	11.128
j1031_10	5	19.000	19.000	0.000	18	1.095	20.135
j1032_1	5	26.000	26.000	0.000	139	1.128	157.242
j1032_2	5	18.000	18.000	0.000	118	1.343	158.892
j1032_3	5	31.000	31.000	0.000	52	1.355	70.937
j1032_4	5	19.000	19.000	0.000	32	0.734	23.886
j1032_5	5	17.000	17.000	0.000	16	0.697	11.486
j1032_6	5	27.000	27.000	0.000	55	1.147	63.433
j1032_7	5	26.000	26.000	0.000	24	0.734	17.999
j1032_8	5	19.000	19.000	0.000	28	0.825	23.470
j1032_9	5	23.000	23.000	0.000	23	1.004	23.488
j1032_10	5	21.000	21.000	0.000	34	0.824	28.382
j1034_1	5	35.000	23.000	0.343	10	313.098	3600.000
j1034_2	5	18.000	13.000	0.278	42	82.124	3600.000
j1034_3	5	35.000	23.000	0.343	2	947.016	3600.000
j1034_4	5	30.000	21.000	0.300	1	1262.977	3600.000
j1034_5	5	32.000	22.000	0.312	17	196.920	3600.000
j1034_6	5	46.000	29.000	0.370	3	798.488	3600.000
j1034_7	5	38.000	26.000	0.316	6	391.382	3600.000
j1034_8	5	27.000	19.000	0.296	2	653.318	3600.000
j1034_9	5	43.000	26.000	0.395	3	835.670	3600.000
j1034_10	5	19.000	14.000	0.263	15	209.241	3600.000
j1035_1	5	inf	-inf	nan	0	inf	3600.000
j1035_2	5	51.000	32.000	0.373	2	1170.420	3600.000
j1035_3	5	inf	-inf	nan	0	inf	3600.000
j1035_4	5	36.000	23.000	0.361	2	533.693	3600.000
j1035_5	5	34.000	24.000	0.294	11	298.939	3600.000
j1035_6	5	28.000	19.000	0.321	16	202.479	3600.000
j1035_7	5	32.000	22.000	0.312	5	592.268	3600.000
j1035_8	5	43.000	28.000	0.349	3	874.607	3600.000
j1035_9	5	25.000	18.000	0.280	77	45.627	3600.000
j1035_10	5	30.000	20.000	0.333	14	236.018	3600.000
j1036_1	5	51.000	32.000	0.373	18	180.974	3600.000
j1036_2	5	36.000	26.000	0.278	4	617.568	3600.000
j1036_3	5	24.000	17.000	0.292	16	200.617	3600.000
j1036_4	5	36.000	24.000	0.333	21	152.113	3600.000
j1036_5	5	inf	-inf	nan	0	inf	3600.000
j1036_6	5	34.000	22.000	0.353	11	296.580	3600.000
j1036_7	5	39.000	25.000	0.359	6	468.143	3600.000
j1036_8	5	35.000	23.000	0.343	16	201.385	3600.000
j1036_10	5	51.000	33.000	0.353	3	642.974	3600.000
j1037_1	5	36.000	24.000	0.333	33	102.820	3600.000
j1037_2	5	16.000	12.000	0.250	137	26.031	3600.000
j1037_3	5	29.000	20.000	0.310	26	130.979	3600.000
j1037_4	5	39.000	24.000	0.385	1	1623.614	3600.000
j1037_5	5	48.000	31.000	0.354	1	1058.965	3600.000
j1037_6	5	34.000	22.000	0.353	2	1108.774	3600.000
j1037_7	5	33.000	22.000	0.333	2	1139.331	3600.000
j1037_8	5	41.000	27.000	0.341	4	608.534	3600.000
j1037_9	5	29.000	20.000	0.310	3	707.452	3600.000
j1037_10	5	inf	-inf	nan	0	inf	3600.000
j1038_1	5	43.000	28.000	0.349	147	24.077	3600.000
j1038_2	5	33.000	21.000	0.364	5	588.246	3600.000
j1038_3	5	31.000	21.000	0.323	18	181.895	3600.000
j1038_4	5	32.000	22.000	0.312	21	158.501	3600.000
j1038_5	5	26.000	19.000	0.269	73	46.541	3600.000
j1038_6	5	29.000	20.000	0.310	7	443.913	3600.000
j1038_7	5	35.000	24.000	0.314	30	110.984	3600.000
j1038_8	5	39.000	26.000	0.333	46	75.316	3600.000
j1038_9	5	40.000	27.000	0.325	25	137.186	3600.000
j1038_10	5	23.000	16.000	0.304	65	54.487	3600.000
j1039_1	5	25.000	18.000	0.280	2	922.489	3600.000
j1039_2	5	28.000	19.000	0.321	7	418.974	3600.000
j1039_3	5	41.000	27.000	0.341	6	450.425	3600.000
j1039_4	5	24.000	17.000	0.292	11	275.925	3600.000
j1039_5	5	46.000	30.000	0.348	4	719.795	3600.000
j1039_6	5	33.000	22.000	0.333	5	484.423	3600.000
j1039_7	5	21.000	17.000	0.190	63	55.910	3600.000
j1039_8	5	35.000	23.000	0.343	3	848.191	3600.000
j1039_9	5	39.000	25.000	0.359	13	246.290	3600.000
j1039_10	5	49.000	31.000	0.367	5	593.561	3600.000
j1040_1	5	27.000	19.000	0.296	2	879.403	3600.000
j1040_2	5	50.000	32.000	0.360	1	1149.922	3600.000
j1040_3	5	39.000	25.000	0.359	2	961.811	3600.000
j1040_5	5	32.000	23.000	0.281	36	96.728	3600.000
j1040_6	5	27.000	19.000	0.296	21	155.554	3600.000
j1040_7	5	40.000	28.000	0.300	4	624.320	3600.000
j1040_8	5	44.000	29.000	0.341	3	855.600	3600.000
j1040_9	5	29.000	20.000	0.310	10	304.204	3600.000
j1040_10	5	23.000	16.000	0.304	2	1051.432	3600.000
j1042_1	5	27.000	18.000	0.333	27	125.528	3600.000
j1042_2	5	21.000	18.000	0.143	119	29.635	3600.000
j1042_3	5	40.000	28.000	0.300	58	60.427	3600.000
j1042_4	5	20.000	15.000	0.250	91	38.603	3600.000
j1042_5	5	32.000	32.000	0.000	92	2.604	239.926
j1042_6	5	17.000	13.000	0.235	130	27.244	3600.000
j1042_7	5	41.000	29.000	0.293	41	77.828	3600.000
j1042_8	5	28.000	21.000	0.250	36	96.603	3600.000
j1042_9	5	18.000	18.000	0.000	21	2.096	44.357
j1042_10	5	15.000	13.000	0.133	41	84.562	3600.000
j1043_1	5	29.000	20.000	0.310	26	130.705	3600.000
j1043_2	5	23.000	23.000	0.000	89	2.711	241.774
j1043_3	5	27.000	18.000	0.333	45	74.830	3600.000
j1043_4	5	22.000	22.000	0.000	88	38.762	3411.445
j1043_5	5	30.000	20.000	0.333	16	207.903	3600.000
j1043_6	5	25.000	19.000	0.240	112	31.660	3600.000
j1043_7	5	18.000	13.000	0.278	135	26.429	3600.000
j1043_8	5	33.000	33.000	0.000	155	3.111	482.549
j1043_9	5	18.000	18.000	0.000	12	1.993	24.335
j1043_10	5	26.000	17.000	0.346	14	229.139	3600.000
j1044_1	5	28.000	24.000	0.143	301	11.892	3600.000
j1044_2	5	25.000	19.000	0.240	67	50.558	3600.000
j1044_3	5	32.000	23.000	0.281	33	104.607	3600.000
j1044_4	5	39.000	27.000	0.308	37	93.680	3600.000
j1044_5	5	38.000	27.000	0.289	20	163.787	3600.000
j1044_7	5	23.000	18.000	0.217	85	41.163	3600.000
j1044_8	5	25.000	19.000	0.240	148	24.053	3600.000
j1044_9	5	26.000	23.000	0.115	60	58.367	3600.000
j1044_10	5	20.000	20.000	0.000	29	2.156	62.846
j1045_1	5	34.000	24.000	0.294	21	163.505	3600.000
j1045_2	5	20.000	18.000	0.100	59	58.276	3600.000
j1045_3	5	20.000	20.000	0.000	15	1.611	24.514
j1045_4	5	16.000	16.000	0.000	22	1.972	43.770
j1045_5	5	21.000	17.000	0.190	148	24.111	3600.000
j1045_6	5	19.000	18.000	0.053	151	23.527	3600.000
j1045_7	5	34.000	34.000	0.000	108	2.845	307.651
j1045_8	5	28.000	19.000	0.321	56	62.585	3600.000
j1045_9	5	24.000	24.000	0.000	28	2.306	64.963
j1045_10	5	32.000	21.000	0.344	43	81.090	3600.000
j1046_1	5	35.000	23.000	0.343	30	110.126	3600.000
j1046_2	5	17.000	16.000	0.059	74	45.963	3600.000
j1046_3	5	20.000	16.000	0.200	277	12.855	3600.000
j1046_4	5	25.000	20.000	0.200	19	149.013	3600.000
j1046_5	5	19.000	18.000	0.053	245	14.586	3600.000
j1046_6	5	28.000	22.000	0.214	35	98.131	3600.000
j1046_7	5	32.000	20.000	0.375	14	238.821	3600.000
j1046_8	5	26.000	19.000	0.269	91	38.288	3600.000
j1046_9	5	23.000	23.000	0.000	68	1.918	130.783
j1046_10	5	26.000	25.000	0.038	117	30.441	3600.000
j1047_1	5	31.000	21.000	0.323	57	61.632	3600.000
j1047_2	5	23.000	19.000	0.174	106	32.996	3600.000
j1047_3	5	27.000	21.000	0.222	86	41.149	3600.000
j1047_4	5	36.000	26.000	0.278	23	140.274	3600.000
j1047_5	5	21.000	17.000	0.190	50	70.462	3600.000
j1047_6	5	29.000	23.000	0.207	175	20.113	3600.000
j1047_7	5	25.000	19.000	0.240	56	62.228	3600.000
j1047_8	5	30.000	21.000	0.300	54	62.410	3600.000
j1047_9	5	20.000	18.000	0.100	93	38.020	3600.000
j1047_10	5	44.000	29.000	0.341	46	75.982	3600.000
j1048_1	5	25.000	19.000	0.240	126	28.216	3600.000
j1048_2	5	25.000	17.000	0.320	88	40.375	3600.000
j1048_3	5	21.000	21.000	0.000	13	1.772	23.367
j1048_4	5	15.000	14.000	0.067	346	10.358	3600.000
j1048_5	5	22.000	18.000	0.182	171	20.743	3600.000
j1048_6	5	21.000	18.000	0.143	196	18.136	3600.000
j1048_7	5	21.000	18.000	0.143	68	52.123	3600.000
j1048_8	5	38.000	38.000	0.000	187	2.823	528.220
j1048_9	5	24.000	22.000	0.083	199	17.970	3600.000
j1048_10	5	26.000	19.000	0.269	58	59.578	3600.000
j1050_1	5	20.000	20.000	0.000	21	1.851	39.183
j1050_2	5	31.000	31.000	0.000	104	2.293	238.754
j1050_3	5	25.000	25.000	0.000	88	2.202	194.060
j1050_4	5	27.000	27.000	0.000	28	2.587	72.859
j1050_5	5	15.000	15.000	0.000	86	2.824	243.320
j1050_6	5	18.000	18.000	0.000	125	11.228	1403.901
j1050_7	5	41.000	41.000	0.000	271	2.953	800.569
j1050_8	5	17.000	17.000	0.000	10	1.202	12.384
j1050_9	5	33.000	33.000	0.000	68	14.468	984.127
j1050_10	5	20.000	20.000	0.000	165	21.119	3485.002
j1051_1	5	37.000	30.000	0.189	163	21.915	3600.000
j1051_2	5	22.000	22.000	0.000	19	1.525	29.308
j1051_3	5	23.000	19.000	0.174	163	21.702	3600.000
j1051_4	5	27.000	27.000	0.000	80	2.412	193.240
j1051_5	5	47.000	47.000	0.000	275	2.906	799.388
j1051_6	5	13.000	13.000	0.000	47	2.845	134.007
j1051_7	5	33.000	33.000	0.000	172	2.272	391.054
j1051_8	5	22.000	22.000	0.000	20	1.600	32.384
j1051_9	5	30.000	30.000	0.000	88	1.832	161.568
j1051_10	5	19.000	19.000	0.000	15	1.229	18.777
j1052_1	5	17.000	16.000	0.059	170	20.824	3600.000
j1052_2	5	28.000	28.000	0.000	235	2.694	633.359
j1052_3	5	13.000	13.000	0.000	118	2.397	283.177
j1052_4	5	24.000	24.000	0.000	69	6.826	471.307
j1052_5	5	30.000	30.000	0.000	88	2.255	198.856
j1052_6	5	21.000	21.000	0.000	160	6.197	991.881
j1052_7	5	25.000	22.000	0.120	63	54.403	3600.000
j1052_8	5	26.000	26.000	0.000	38	1.355	51.785
j1052_9	5	28.000	21.000	0.250	64	54.314	3600.000
j1052_10	5	15.000	15.000	0.000	28	1.297	36.598
j1053_1	5	26.000	26.000	0.000	33	1.509	50.110
j1053_2	5	26.000	26.000	0.000	148	9.097	1346.696
j1053_3	5	35.000	35.000	0.000	312	3.222	1005.511
j1053_4	5	14.000	14.000	0.000	11	1.446	16.232
j1053_5	5	29.000	29.000	0.000	144	8.826	1271.208
j1053_6	5	29.000	27.000	0.069	190	18.635	3600.000
j1053_7	5	19.000	13.000	0.316	85	41.451	3600.000
j1053_8	5	27.000	22.000	0.185	61	55.559	3600.000
j1053_9	5	13.000	13.000	0.000	30	2.421	73.043
j1053_10	5	37.000	37.000	0.000	78	1.959	153.134
j1054_1	5	24.000	22.000	0.083	93	37.173	3600.000
j1054_2	5	32.000	32.000	0.000	89	1.945	173.398
j1054_3	5	33.000	33.000	0.000	84	1.636	137.733
j1054_4	5	24.000	24.000	0.000	31	1.939	60.422
j1054_5	5	22.000	22.000	0.000	79	1.246	98.788
j1054_6	5	20.000	20.000	0.000	31	1.844	57.495
j1054_7	5	29.000	29.000	0.000	48	1.792	86.374
j1054_8	5	14.000	14.000	0.000	85	2.773	236.041
j1054_9	5	27.000	20.000	0.259	130	27.447	3600.000
j1054_10	5	29.000	29.000	0.000	34	1.282	43.900
j1055_1	5	29.000	29.000	0.000	45	1.459	65.979
j1055_2	5	19.000	19.000	0.000	32	1.922	61.825
j1055_3	5	20.000	20.000	0.000	31	1.159	36.253
j1055_4	5	38.000	38.000	0.000	109	2.123	231.783
j1055_5	5	21.000	21.000	0.000	19	1.270	24.465
j1055_6	5	29.000	29.000	0.000	28	2.703	76.028
j1055_7	5	19.000	19.000	0.000	89	3.601	320.789
j1055_8	5	26.000	21.000	0.192	74	47.963	3600.000
j1055_9	5	19.000	19.000	0.000	18	2.587	46.855
j1055_10	5	27.000	27.000	0.000	93	1.963	182.851
j1056_1	5	22.000	22.000	0.000	118	13.421	1583.975
j1056_2	5	20.000	20.000	0.000	15	1.410	21.466
j1056_3	5	37.000	37.000	0.000	224	2.163	484.751
j1056_4	5	16.000	16.000	0.000	12	1.138	13.993
j1056_5	5	22.000	21.000	0.045	97	36.299	3600.000
j1056_6	5	21.000	19.000	0.095	185	19.170	3600.000
j1056_7	5	29.000	29.000	0.000	75	1.709	128.507
j1056_8	5	23.000	23.000	0.000	15	2.264	34.299
j1056_9	5	23.000	23.000	0.000	151	22.488	3396.080
j1056_10	5	22.000	22.000	0.000	90	6.422	578.251
j1058_1	5	30.000	30.000	0.000	50	1.552	77.953
j1058_2	5	23.000	23.000	0.000	23	1.119	26.032
j1058_3	5	26.000	26.000	0.000	65	1.350	88.045
j1058_4	5	26.000	26.000	0.000	49	1.749	85.998
j1058_5	5	24.000	24.000	0.000	92	1.632	150.479
j1058_6	5	13.000	13.000	0.000	9	0.858	8.078
j1058_7	5	21.000	21.000	0.000	10	1.062	10.943
j1058_8	5	25.000	25.000	0.000	28	1.790	50.430
j1058_9	5	14.000	14.000	0.000	16	1.446	23.461
j1058_10	5	21.000	21.000	0.000	15	1.309	19.965
j1059_1	5	20.000	20.000	0.000	33	1.281	42.594
j1059_2	5	23.000	23.000	0.000	27	1.540	41.926
j1059_3	5	26.000	26.000	0.000	62	1.273	79.251
j1059_4	5	22.000	22.000	0.000	47	1.668	78.757
j1059_5	5	20.000	20.000	0.000	22	1.475	32.807
j1059_6	5	18.000	18.000	0.000	17	0.905	15.724
j1059_7	5	17.000	17.000	0.000	47	1.756	82.840
j1059_8	5	19.000	19.000	0.000	38	1.465	55.998
j1059_9	5	23.000	23.000	0.000	31	1.520	47.456
j1059_10	5	26.000	26.000	0.000	135	2.295	310.100
j1060_1	5	20.000	20.000	0.000	27	1.459	39.718
j1060_2	5	30.000	30.000	0.000	74	2.051	152.173
j1060_3	5	14.000	14.000	0.000	7	0.542	4.126
j1060_4	5	20.000	20.000	0.000	14	1.126	16.092
j1060_5	5	28.000	28.000	0.000	51	1.681	86.065
j1060_6	5	15.000	15.000	0.000	25	1.575	39.707
j1060_7	5	24.000	24.000	0.000	28	1.136	32.142
j1060_8	5	21.000	21.000	0.000	19	1.304	25.084
j1060_9	5	24.000	24.000	0.000	56	1.536	86.368
j1060_10	5	23.000	23.000	0.000	28	1.313	37.066
j1061_1	5	15.000	15.000	0.000	20	1.912	38.556
j1061_2	5	23.000	23.000	0.000	28	1.177	33.361
j1061_3	5	36.000	36.000	0.000	71	1.928	137.287
j1061_4	5	24.000	24.000	0.000	48	1.475	71.118
j1061_5	5	27.000	27.000	0.000	40	1.330	53.546
j1061_6	5	36.000	36.000	0.000	187	2.482	464.454
j1061_7	5	19.000	19.000	0.000	20	1.140	23.123
j1061_8	5	28.000	28.000	0.000	33	2.394	79.342
j1061_9	5	31.000	31.000	0.000	81	1.763	143.131
j1061_10	5	54.000	54.000	0.000	754	3.086	2327.336
j1062_1	5	19.000	19.000	0.000	22	0.792	17.777
j1062_2	5	30.000	30.000	0.000	60	2.014	121.132
j1062_3	5	18.000	18.000	0.000	23	1.571	36.469
j1062_4	5	18.000	18.000	0.000	21	1.451	30.832
j1062_5	5	30.000	30.000	0.000	35	1.523	53.636
j1062_6	5	30.000	30.000	0.000	69	2.006	138.769
j1062_7	5	13.000	13.000	0.000	5	0.497	2.788
j1062_8	5	17.000	17.000	0.000	16	1.004	16.385
j1062_9	5	23.000	23.000	0.000	26	1.237	32.470
j1062_10	5	27.000	27.000	0.000	25	1.617	40.743
j1063_1	5	23.000	23.000	0.000	28	1.349	38.064
j1063_2	5	27.000	27.000	0.000	126	1.955	246.716
j1063_3	5	27.000	27.000	0.000	75	1.638	123.175
j1063_4	5	19.000	19.000	0.000	14	1.168	16.697
j1063_5	5	17.000	17.000	0.000	40	1.973	79.273
j1063_6	5	22.000	22.000	0.000	12	2.524	30.630
j1063_7	5	24.000	24.000	0.000	41	1.425	58.798
j1063_8	5	12.000	12.000	0.000	8	0.896	7.501
j1063_9	5	15.000	15.000	0.000	9	1.004	9.367
j1063_10	5	14.000	14.000	0.000	18	0.878	16.140
j1064_1	5	26.000	26.000	0.000	23	1.667	38.759
j1064_2	5	23.000	23.000	0.000	36	1.420	51.456
j1064_3	5	22.000	22.000	0.000	39	1.921	75.272
j1064_4	5	21.000	21.000	0.000	10	0.512	5.495
j1064_5	5	26.000	26.000	0.000	95	1.704	162.230
j1064_6	5	18.000	18.000	0.000	22	1.154	25.695
j1064_7	5	18.000	18.000	0.000	26	1.201	31.556
j1064_8	5	22.000	22.000	0.000	14	1.044	14.957
j1064_9	5	28.000	28.000	0.000	33	0.919	30.654
j1064_10	5	23.000	23.000	0.000	55	1.531	84.530
